10.0 10.0 0.0
10.0 10.0 0.0
10.0 10.0 0.0
10.0 10.0 0.0
10.0 10.0 0.0
10.0 10.0 0.0
10.0 10.0 0.0
10.0 10.0 0.0
10.0 10.0 0.0
10.0 10.0 0.0
2.0 4.0 0.02
2.0 4.0 0.08
10.0 10.0 0.0
10.0 10.0 0.0
2.0 6.0 0.04
2.0 6.0 0.14
2.0 6.0 0.26
2.0 6.0 0.4
10.0 10.0 0.0
2.0 8.0 0.06
2.0 8.0 0.22
2.0 8.0 0.48
2.0 8.0 0.72
2.0 8.0 0.98
10.0 10.0 0.0
2.0 10.0 0.08
2.0 10.0 0.3
2.0 10.0 0.6
2.0 10.0 0.86
2.0 10.0 1.18
10.0 10.0 0.0
10.0 10.0 0.0
2.0 12.0 0.1
2.0 12.0 0.26
2.0 12.0 0.42
2.0 12.0 0.6
10.0 10.0 0.0
10.0 10.0 0.0
10.0 10.0 0.0
2.0 14.0 0.02
2.0 14.0 0.08
2.0 14.0 0.16
10.0 10.0 0.0
10.0 10.0 0.0
10.0 10.0 0.0
10.0 10.0 0.0
10.0 10.0 0.0
10.0 10.0 0.0
10.0 10.0 0.0
10.0 10.0 0.0
10.0 10.0 0.0
10.0 10.0 0.0
10.0 10.0 0.0
10.0 10.0 0.0
10.0 10.0 0.0
10.0 10.0 0.0
10.0 10.0 0.0
10.0 10.0 0.0
10.0 10.0 0.0
4.0 2.0 0.02
10.0 10.0 0.0
10.0 10.0 0.0
10.0 10.0 0.0
4.0 4.0 0.06
4.0 4.0 0.14
4.0 4.0 0.24
10.0 10.0 0.0
4.0 6.0 0.04
4.0 6.0 0.14
4.0 6.0 0.28
4.0 6.0 0.42
4.0 6.0 0.58
4.0 8.0 2.0
4.0 8.0 0.16
4.0 8.0 0.38
4.0 8.0 0.66
4.0 8.0 0.88
4.0 8.0 1.12
4.0 10.0 0.04
4.0 10.0 0.22
4.0 10.0 0.46
4.0 10.0 0.76
4.0 10.0 1.02
4.0 10.0 1.3
10.0 10.0 0.0
4.0 12.0 0.08
4.0 12.0 0.22
4.0 12.0 0.42
4.0 12.0 0.58
4.0 12.0 0.78
10.0 10.0 0.0
10.0 10.0 0.0
4.0 14.0 0.02
4.0 14.0 0.1
4.0 14.0 0.2
4.0 14.0 0.32
10.0 10.0 0.0
4.0 16.0 0.02
10.0 10.0 0.0
10.0 10.0 0.0
10.0 10.0 0.0
4.0 16.0 0.06
10.0 10.0 0.0
10.0 10.0 0.0
10.0 10.0 0.0
10.0 10.0 0.0
4.0 18.0 0.02
10.0 10.0 0.0
6.0 2.0 0.02
10.0 10.0 0.0
10.0 10.0 0.0
6.0 2.0 0.06
6.0 2.0 0.16
6.0 2.0 0.26
10.0 10.0 0.0
10.0 10.0 0.0
6.0 4.0 0.1
6.0 4.0 0.22
6.0 4.0 0.34
6.0 4.0 0.44
6.0 6.0 0.02
6.0 6.0 0.1
6.0 6.0 0.24
6.0 6.0 0.38
6.0 6.0 0.52
6.0 6.0 0.64
6.0 8.0 0.06
6.0 8.0 0.18
6.0 8.0 0.38
6.0 8.0 0.6
6.0 8.0 0.76
6.0 8.0 0.94
6.0 10.0 0.06
6.0 10.0 0.22
6.0 10.0 0.42
6.0 10.0 0.64
6.0 10.0 0.84
6.0 10.0 1.02
10.0 10.0 0.0
6.0 12.0 0.12
6.0 12.0 0.26
6.0 12.0 0.44
6.0 12.0 0.58
6.0 12.0 0.74
10.0 10.0 0.0
6.0 14.0 0.02
6.0 14.0 0.12
6.0 14.0 0.24
6.0 14.0 0.36
6.0 14.0 0.48
10.0 10.0 0.0
10.0 10.0 0.0
10.0 10.0 0.0
6.0 16.0 0.08
6.0 16.0 0.18
6.0 16.0 0.28
10.0 10.0 0.0
10.0 10.0 0.0
10.0 10.0 0.0
10.0 10.0 0.0
6.0 18.0 0.04
6.0 18.0 0.1
10.0 10.0 0.0
10.0 10.0 0.0
8.0 2.0 0.1
8.0 2.0 0.3
8.0 2.0 0.52
8.0 2.0 0.72
10.0 10.0 0.0
8.0 4.0 0.08
8.0 4.0 0.24
8.0 4.0 0.44
8.0 4.0 0.62
8.0 4.0 0.84
8.0 6.0 0.04
8.0 6.0 0.16
8.0 6.0 0.32
8.0 6.0 0.52
8.0 6.0 0.68
8.0 6.0 0.86
8.0 8.0 0.08
8.0 8.0 0.26
8.0 8.0 0.48
8.0 8.0 0.76
8.0 8.0 1.0
8.0 8.0 1.26
8.0 10.0 0.08
8.0 10.0 0.26
8.0 10.0 0.52
8.0 10.0 0.8
8.0 10.0 1.04
8.0 10.0 1.32
8.0 12.0 0.04
8.0 12.0 0.18
8.0 12.0 0.36
8.0 12.0 0.56
8.0 12.0 0.74
8.0 12.0 0.92
10.0 10.0 0.0
8.0 14.0 0.1
8.0 14.0 0.24
8.0 14.0 0.44
8.0 14.0 0.6
8.0 14.0 0.76
10.0 10.0 0.0
8.0 16.0 0.02
8.0 16.0 0.14
8.0 16.0 0.32
8.0 16.0 0.54
8.0 16.0 0.74
10.0 10.0 0.0
10.0 10.0 0.0
8.0 18.0 0.04
8.0 18.0 0.14
8.0 18.0 0.26
8.0 18.0 0.4
10.0 10.0 0.0
10.0 2.0 0.02
10.0 2.0 0.18
10.0 2.0 0.4
10.0 2.0 0.64
10.0 2.0 0.88
10.0 10.0 0.0
10.0 4.0 0.12
10.0 4.0 0.28
10.0 4.0 0.5
10.0 4.0 0.7
10.0 4.0 0.92
10.0 6.0 0.06
10.0 6.0 0.18
10.0 6.0 0.36
10.0 6.0 0.54
10.0 6.0 0.7
10.0 6.0 0.86
10.0 8.0 0.08
10.0 8.0 0.3
10.0 8.0 0.56
10.0 8.0 0.86
10.0 8.0 1.12
10.0 8.0 1.4
10.0 10.0 10.0
10.0 10.0 0.32
10.0 10.0 0.62
10.0 10.0 0.92
10.0 10.0 1.22
10.0 10.0 1.54
10.0 12.0 0.06
10.0 12.0 0.2
10.0 12.0 0.4
10.0 12.0 0.62
10.0 12.0 0.82
10.0 12.0 1.04
10.0 14.0 0.02
10.0 14.0 0.14
10.0 14.0 0.34
10.0 14.0 0.54
10.0 14.0 0.72
10.0 14.0 0.94
10.0 10.0 0.0
10.0 16.0 0.08
10.0 16.0 0.24
10.0 16.0 0.46
10.0 16.0 0.74
10.0 16.0 1.0
10.0 10.0 0.0
10.0 10.0 0.0
10.0 18.0 0.08
10.0 18.0 0.24
10.0 18.0 0.42
10.0 18.0 0.6
10.0 10.0 0.0
10.0 10.0 0.0
12.0 2.0 0.08
12.0 2.0 0.22
12.0 2.0 0.38
12.0 2.0 0.54
10.0 10.0 0.0
12.0 4.0 0.06
12.0 4.0 0.18
12.0 4.0 0.32
12.0 4.0 0.46
12.0 4.0 0.62
12.0 6.0 0.04
12.0 6.0 0.14
12.0 6.0 0.26
12.0 6.0 0.4
12.0 6.0 0.52
12.0 6.0 0.64
12.0 8.0 0.06
12.0 8.0 0.2
12.0 8.0 0.4
12.0 8.0 0.62
12.0 8.0 0.82
12.0 8.0 1.02
12.0 10.0 0.06
12.0 10.0 0.24
12.0 10.0 0.46
12.0 10.0 0.72
12.0 10.0 0.92
12.0 10.0 1.16
12.0 12.0 0.04
12.0 12.0 0.16
12.0 12.0 0.34
12.0 12.0 0.52
12.0 12.0 0.66
12.0 12.0 0.84
10.0 10.0 0.0
12.0 14.0 0.1
12.0 14.0 0.24
12.0 14.0 0.38
12.0 14.0 0.54
12.0 14.0 0.66
10.0 10.0 0.0
12.0 16.0 0.02
12.0 16.0 0.14
12.0 16.0 0.3
12.0 16.0 0.46
12.0 16.0 0.64
10.0 10.0 0.0
10.0 10.0 0.0
12.0 18.0 0.06
12.0 18.0 0.16
12.0 18.0 0.28
12.0 18.0 0.38
10.0 10.0 0.0
10.0 10.0 0.0
10.0 10.0 0.0
14.0 2.0 0.06
14.0 2.0 0.14
14.0 2.0 0.2
10.0 10.0 0.0
14.0 4.0 0.02
14.0 4.0 0.08
14.0 4.0 0.18
14.0 4.0 0.28
14.0 4.0 0.36
10.0 10.0 0.0
14.0 6.0 0.08
14.0 6.0 0.2
14.0 6.0 0.32
14.0 6.0 0.46
14.0 6.0 0.56
14.0 8.0 0.04
14.0 8.0 0.14
14.0 8.0 0.34
14.0 8.0 0.54
14.0 8.0 0.72
14.0 8.0 0.9
14.0 10.0 0.06
14.0 10.0 0.18
14.0 10.0 0.36
14.0 10.0 0.58
14.0 10.0 0.76
14.0 10.0 0.98
14.0 12.0 0.02
14.0 12.0 0.1
14.0 12.0 0.24
14.0 12.0 0.38
14.0 12.0 0.52
14.0 12.0 0.64
10.0 10.0 0.0
10.0 10.0 0.0
14.0 14.0 0.08
14.0 14.0 0.2
14.0 14.0 0.28
14.0 14.0 0.38
10.0 10.0 0.0
10.0 10.0 0.0
14.0 16.0 0.02
14.0 16.0 0.08
14.0 16.0 0.16
14.0 16.0 0.22
14.0 18.0 0.02
14.0 18.0 0.02
10.0 10.0 0.0
14.0 18.0 0.02
14.0 18.0 0.06
14.0 18.0 0.1
16.0 2.0 0.02
16.0 2.0 0.02
16.0 2.0 0.02
10.0 10.0 0.0
10.0 10.0 0.0
16.0 2.0 0.04
10.0 10.0 0.0
10.0 10.0 0.0
16.0 4.0 0.02
16.0 4.0 0.08
16.0 4.0 0.16
16.0 4.0 0.22
10.0 10.0 0.0
16.0 6.0 0.06
16.0 6.0 0.18
16.0 6.0 0.28
16.0 6.0 0.44
16.0 6.0 0.58
16.0 8.0 0.04
16.0 8.0 0.2
16.0 8.0 0.44
16.0 8.0 0.66
16.0 8.0 0.92
16.0 8.0 1.18
16.0 10.0 0.04
16.0 10.0 0.18
16.0 10.0 0.4
16.0 10.0 0.7
16.0 10.0 0.96
16.0 10.0 1.24
10.0 10.0 0.0
16.0 12.0 0.06
16.0 12.0 0.18
16.0 12.0 0.34
16.0 12.0 0.48
16.0 12.0 0.64
16.0 14.0 0.02
10.0 10.0 0.0
16.0 14.0 0.02
16.0 14.0 0.1
16.0 14.0 0.18
16.0 14.0 0.24
10.0 10.0 0.0
10.0 10.0 0.0
10.0 10.0 0.0
10.0 10.0 0.0
16.0 16.0 0.04
16.0 16.0 0.08
10.0 10.0 0.0
16.0 18.0 0.02
10.0 10.0 0.0
10.0 10.0 0.0
10.0 10.0 0.0
10.0 10.0 0.0
18.0 2.0 0.02
18.0 2.0 0.02
18.0 2.0 0.02
10.0 10.0 0.0
10.0 10.0 0.0
10.0 10.0 0.0
10.0 10.0 0.0
10.0 10.0 0.0
10.0 10.0 0.0
10.0 10.0 0.0
18.0 4.0 0.04
18.0 4.0 0.1
10.0 10.0 0.0
10.0 10.0 0.0
18.0 6.0 0.06
18.0 6.0 0.16
18.0 6.0 0.32
18.0 6.0 0.46
10.0 10.0 0.0
18.0 8.0 0.06
18.0 8.0 0.22
18.0 8.0 0.46
18.0 8.0 0.66
18.0 8.0 0.9
10.0 10.0 0.0
18.0 10.0 0.06
18.0 10.0 0.24
18.0 10.0 0.48
18.0 10.0 0.7
18.0 10.0 0.94
10.0 10.0 0.0
18.0 12.0 0.02
18.0 12.0 0.1
18.0 12.0 0.18
18.0 12.0 0.3
18.0 12.0 0.4
10.0 10.0 0.0
10.0 10.0 0.0
10.0 10.0 0.0
18.0 14.0 0.02
18.0 14.0 0.08
18.0 14.0 0.1
10.0 10.0 0.0
10.0 10.0 0.0
18.0 16.0 0.02
10.0 10.0 0.0
10.0 10.0 0.0
10.0 10.0 0.0
10.0 10.0 0.0
10.0 10.0 0.0
10.0 10.0 0.0
10.0 10.0 0.0
10.0 10.0 0.0
10.0 10.0 0.0
