2055.06 -1810.06 -83.74 32.65 11181.8 3206.56 1861.24 29.4 925.12 -1099.56 3063.62 24.25 147.0 1669.92 3512.34 31.5 6531.7 8940.54 -2611.74 29.34
2083.48 -1783.6 -96.38 32.48 11180.82 3231.06 1815.42 32.59 917.28 -992.74 3134.72 23.83 97.02 1704.22 3509.18 33.32 6610.1 8958.18 -2739.72 33.14
2084.46 -1861.02 -115.34 33.69 11176.9 3269.28 1861.24 32.77 902.58 -989.8 2949.86 24.25 80.36 1751.26 3618.2 33.12 6521.9 9010.12 -2644.92 32.92
2012.92 -1792.42 20.54 33.58 11190.62 3222.24 1736.42 32.63 906.5 -959.42 2881.92 24.25 49.98 1758.12 3566.06 33.1 6611.08 8959.16 -2640.18 29.31
2082.5 -1723.82 -104.28 33.52 11219.04 3237.92 1730.1 29.25 1038.8 -1041.74 2932.48 31.59 138.18 1715.98 3558.16 31.42 6625.78 8907.22 -2716.02 29.31
2030.56 -1832.6 -139.04 32.65 11158.28 3262.42 1764.86 32.65 1040.76 -1016.26 3009.9 31.62 79.38 1799.28 3553.42 33.27 6556.2 8941.52 -2690.74 32.94
2007.04 -1873.76 -222.78 33.52 11129.86 3243.8 1772.76 32.7 884.94 -963.34 2847.16 23.81 11.76 1768.9 3692.46 33.25 6589.52 8994.44 -2698.64 32.81
2006.06 -1836.52 -127.98 32.77 11183.76 3280.06 1758.54 29.51 1045.66 -1055.46 2967.24 24.45 180.32 1666.98 3637.16 31.39 6705.16 8993.46 -2684.42 32.59
2063.88 -1864.94 -47.4 33.65 11127.9 3241.84 1715.88 29.4 984.9 -1035.86 3148.94 24.09 116.62 1718.92 3585.02 31.5 6666.94 8970.92 -2766.58 29.36
2008.02 -1864.94 -121.66 32.68 11144.56 3192.84 1813.84 32.59 956.48 -961.38 2948.28 24.23 154.84 1708.14 3613.46 32.99 6662.04 9009.14 -2727.08 33.1
2073.68 -1898.26 -39.5 33.69 11185.72 3186.96 1763.28 32.54 895.72 -1064.28 2815.56 24.25 68.6 1778.7 3577.12 33.56 6665.96 8995.42 -2757.1 32.7
1981.56 -1767.92 -75.84 33.47 11161.22 3261.44 1750.64 32.77 875.14 -1044.68 3057.3 24.29 72.52 1730.68 3583.44 33.3 6750.24 9051.28 -2698.64 29.36
1958.04 -1799.28 58.46 33.85 11124.96 3194.8 1824.9 29.42 945.7 -1068.2 3052.56 24.2 185.22 1622.88 3540.78 31.35 6749.26 9020.9 -2840.84 29.58
2020.76 -1852.2 -14.22 32.57 11182.78 3283.0 1779.08 29.45 1037.82 -1041.74 2943.54 31.35 151.9 1786.54 3498.12 31.46 6727.7 9065.98 -2649.66 32.77
1948.24 -1798.3 -17.38 33.52 11200.42 3291.82 1804.36 29.47 981.96 -1031.94 2978.3 31.5 141.12 1677.76 3569.22 31.46 6816.88 9112.04 -2723.92 32.94
1963.92 -1862.98 -75.84 32.48 11171.02 3164.42 1660.58 29.29 980.98 -1035.86 3093.64 31.64 145.04 1765.96 3472.84 31.24 6830.6 9030.7 -2692.32 29.47
1978.62 -1784.58 -137.46 33.69 11233.74 3197.74 1786.98 29.42 963.34 -1061.34 2995.68 24.16 145.04 1727.74 3638.74 31.46 6871.76 9107.14 -2750.78 29.51
2037.42 -1772.82 -132.72 33.74 11188.66 3252.62 1810.68 29.49 869.26 -1104.46 3085.74 24.27 182.28 1727.74 3569.22 31.37 6857.06 9165.94 -2728.66 32.77
2036.44 -1847.3 -158.0 32.65 11143.58 3223.22 1818.58 29.42 927.08 -1159.34 2967.24 31.33 150.92 1698.34 3624.52 31.26 6860.98 9089.5 -2828.2 32.81
2004.1 -1841.42 -169.06 33.58 11167.1 3150.7 1826.48 32.52 961.38 -1006.46 2911.94 24.2 113.68 1757.14 3498.12 33.3 6840.4 9002.28 -2686.0 29.31
2004.1 -1774.78 -41.08 33.63 11143.58 3211.46 1752.22 32.68 1013.32 -1048.6 3009.9 31.53 107.8 1786.54 3487.06 33.08 6833.54 9143.4 -2813.98 29.47
2034.48 -1803.2 -134.3 33.5 11165.14 3229.1 1698.5 32.74 1037.82 -979.02 3057.3 31.79 112.7 1756.16 3482.32 33.3 6842.36 9080.68 -2755.52 32.79
1978.62 -1822.8 9.48 33.36 11179.84 3267.32 1782.24 29.16 1015.28 -1089.76 3014.64 31.55 174.44 1706.18 3507.6 31.42 6840.4 9108.12 -2709.7 32.74
1964.9 -1887.48 12.64 33.69 11167.1 3265.36 1674.8 29.6 993.72 -1100.54 2861.38 31.57 95.06 1815.94 3572.38 31.55 6787.48 9126.74 -2648.08 29.58
1975.68 -1805.16 -199.08 32.43 11208.26 3267.32 1780.66 32.63 858.48 -1010.38 2954.6 24.12 149.94 1755.18 3493.38 32.94 6661.06 9164.96 -2902.46 29.51
2025.66 -1884.54 -99.54 32.48 11172.0 3191.86 1793.3 32.7 898.66 -1033.9 3092.06 24.31 173.46 1747.34 3648.22 33.43 6653.22 9114.98 -2807.66 32.83
1979.6 -1772.82 12.64 33.65 11192.58 3251.64 1818.58 32.63 901.6 -947.66 3073.1 24.27 101.92 1749.3 3678.24 33.3 6731.62 9086.56 -2848.74 32.7
1960.0 -1781.64 -115.34 32.46 11131.82 3221.26 1793.3 32.65 914.34 -961.38 2899.3 24.14 98.0 1710.1 3662.44 33.12 6566.98 9071.86 -2727.08 29.27
2035.46 -1824.76 -69.52 32.48 11091.64 3251.64 1809.1 32.5 1033.9 -987.84 2886.66 31.53 194.04 1708.14 3561.32 33.21 6645.38 9054.22 -2813.98 29.47
2089.36 -1851.22 3.16 32.54 11176.9 3213.42 1805.94 32.63 909.44 -1027.04 2948.28 24.16 133.28 1678.74 3564.48 33.5 6572.86 9050.3 -2785.54 32.96
1992.34 -1738.52 -22.12 33.34 11154.36 3279.08 1790.14 32.7 895.72 -920.22 3020.96 24.14 115.64 1694.42 3654.54 33.12 6496.42 9162.02 -2845.58 32.72
2065.84 -1888.46 -36.34 32.39 11146.52 3247.72 1742.74 29.38 1019.2 -1051.54 3030.44 31.55 151.9 1601.32 3480.74 31.42 6537.58 9117.92 -2878.76 29.62
1971.76 -1787.52 -115.34 33.72 11166.12 3294.76 1824.9 29.49 1069.18 -1041.74 3096.8 31.62 138.18 1670.9 3550.26 31.44 6522.88 9188.48 -2921.42 32.77
1994.3 -1818.88 -99.54 32.74 11242.56 3261.44 1641.62 29.47 955.5 -1073.1 3063.62 24.29 172.48 1743.42 3570.8 31.44 6535.62 9192.4 -2866.12 32.77
1975.68 -1794.38 -83.74 33.58 11203.36 3191.86 1861.24 32.65 890.82 -924.14 3148.94 24.42 151.9 1693.44 3648.22 33.36 6525.82 9221.8 -2948.28 32.88
1990.38 -1767.92 -164.32 32.48 11177.88 3228.12 1799.62 32.68 890.82 -989.8 2986.2 24.36 125.44 1685.6 3613.46 33.25 6509.16 9312.94 -2897.72 29.62
1997.24 -1757.14 -186.44 32.46 11200.42 3238.9 1733.26 29.47 1023.12 -1061.34 3060.46 31.5 110.74 1723.82 3558.16 31.24 6477.8 9210.04 -2826.62 29.25
2005.08 -1733.62 83.74 33.5 11137.7 3274.18 1829.64 32.74 900.62 -952.56 2842.42 31.42 74.48 1778.7 3464.94 33.3 6551.3 9220.82 -2840.84 32.77
1974.7 -1810.06 -225.94 32.5 11179.84 3293.78 1873.88 29.45 974.12 -1030.96 3008.32 31.33 89.18 1789.48 3556.58 31.35 6411.16 9257.08 -2836.1 32.96
2037.42 -1689.52 -173.8 32.43 11193.56 3284.96 1861.24 29.47 976.08 -1059.38 2964.08 31.99 128.38 1719.9 3529.72 31.42 6502.3 9269.82 -2885.08 29.47
1994.3 -1787.52 -79.0 33.41 11150.44 3237.92 1831.22 29.42 892.78 -1088.78 3082.58 24.09 121.52 1712.06 3487.06 31.62 6459.18 9286.48 -2964.08 29.38
1988.42 -1767.92 -3.16 33.58 11186.7 3193.82 1823.32 29.42 936.88 -1071.14 3131.56 31.62 124.46 1702.26 3523.4 31.37 6434.68 9286.48 -2911.94 33.01
2030.56 -1804.18 -1.58 33.45 11206.3 3226.16 1801.2 29.62 1059.38 -1038.8 2998.84 31.53 134.26 1749.3 3422.28 31.42 6498.38 9139.48 -2844.0 32.81
2021.74 -1876.7 -146.94 33.41 11178.86 3299.66 1760.12 32.54 859.46 -941.78 3069.94 23.89 105.84 1696.38 3624.52 33.43 6497.4 9251.2 -2834.52 29.4
1970.78 -1841.42 -124.82 33.25 11225.9 3273.2 1736.42 32.52 958.44 -893.76 2861.38 24.09 86.24 1700.3 3539.2 33.3 6443.5 9225.72 -2829.78 32.85
2029.58 -1787.52 44.24 32.39 11146.52 3269.28 1815.42 32.68 889.84 -1034.88 2908.78 24.16 145.04 1775.76 3608.72 33.3 6470.94 9248.26 -2779.22 32.85
1948.24 -1805.16 -58.46 33.56 11124.96 3254.58 1768.02 29.58 1008.42 -1081.92 2940.38 31.75 56.84 1777.72 3518.66 31.48 6416.06 9204.16 -2806.08 32.9
2041.34 -1768.9 -159.58 32.63 11144.56 3270.26 1777.5 32.61 980.98 -995.68 2851.9 31.77 74.48 1778.7 3528.14 33.03 6419.98 9157.12 -2791.86 32.96
2043.3 -1772.82 -99.54 32.72 11248.44 3297.7 1717.46 32.52 897.68 -973.14 2927.74 24.38 72.52 1793.4 3573.96 33.14 6490.54 9161.04 -2837.68 29.49
1991.36 -1760.08 -50.56 33.41 11185.72 3249.68 1809.1 29.6 993.72 -1008.42 3035.18 24.09 68.6 1725.78 3575.54 31.31 6525.82 9111.06 -2802.92 33.1
2040.36 -1762.04 -61.62 32.61 11151.42 3233.02 1701.66 29.27 919.24 -1058.4 3196.34 24.34 158.76 1731.66 3619.78 31.55 6438.6 9112.04 -2872.44 29.4
2031.54 -1821.82 -93.22 32.85 11220.02 3254.58 1804.36 32.59 771.26 -984.9 3073.1 23.81 125.44 1673.84 3592.92 33.23 6471.92 9143.4 -2888.24 29.47
2002.14 -1742.44 -14.22 33.56 11193.56 3269.28 1761.7 32.63 890.82 -956.48 2967.24 24.16 69.58 1731.66 3615.04 33.25 6446.44 9127.72 -2875.6 32.74
2033.5 -1787.52 -222.78 33.41 11193.56 3276.14 1790.14 32.57 841.82 -958.44 3071.52 24.2 137.2 1734.6 3664.02 33.43 6437.62 9127.72 -2856.64 29.54
2109.94 -1755.18 3.16 32.65 11247.46 3236.94 1802.78 32.57 933.94 -891.8 3066.78 24.36 112.7 1674.82 3551.84 33.21 6447.42 9130.66 -2813.98 33.03
1985.48 -1760.08 -109.02 33.63 11143.58 3271.24 1758.54 32.77 966.28 -1082.9 3081.0 31.5 189.14 1742.44 3466.52 31.5 6393.52 9154.18 -2866.12 29.45
2006.06 -1900.22 -129.56 32.68 11113.2 3224.2 1774.34 32.61 968.24 -1006.46 3076.26 31.79 60.76 1715.98 3476.0 31.35 6373.92 9216.9 -2798.18 33.05
2017.82 -1871.8 -61.62 33.61 11186.7 3273.2 1755.38 32.68 888.86 -1052.52 3047.82 24.25 184.24 1741.46 3496.54 31.39 6468.0 9167.9 -2848.74 33.05
2045.26 -1764.0 -145.36 32.52 11113.2 3332.98 1736.42 29.6 932.96 -902.58 3044.66 24.31 172.48 1715.0 3518.66 31.64 6495.44 9170.84 -2878.76 32.88
2024.68 -1815.94 -164.32 32.74 11113.2 3266.34 1712.72 32.74 904.54 -1038.8 3016.22 24.27 143.08 1650.32 3509.18 31.42 6394.5 9147.32 -2937.22 33.03
1978.62 -1815.94 -37.92 33.34 11159.26 3235.96 1815.42 32.54 1090.74 -1057.42 3079.42 31.77 164.64 1811.04 3476.0 31.44 6502.3 9157.12 -2866.12 29.56
1970.78 -1835.54 41.08 33.78 11146.52 3274.18 1793.3 29.34 970.2 -963.34 2855.06 31.35 109.76 1780.66 3570.8 33.27 6528.76 9135.56 -2853.48 32.85
2062.9 -1713.04 -36.34 33.54 11218.06 3190.88 1824.9 29.6 952.56 -954.52 2926.16 31.62 154.84 1785.56 3559.74 33.27 6579.72 9173.78 -2848.74 29.45
2070.74 -1832.6 -137.46 32.63 11117.12 3241.84 1847.02 32.65 951.58 -1022.14 2951.44 31.92 75.46 1823.78 3461.78 33.1 6579.72 9247.28 -2812.4 29.34
1981.56 -1792.42 -41.08 33.67 11175.92 3258.5 1888.1 32.72 1028.02 -1079.96 3096.8 31.28 125.44 1766.94 3537.62 31.26 6540.52 9171.82 -2844.0 33.12
2090.34 -1858.08 -94.8 32.59 11136.72 3249.68 1780.66 32.63 984.9 -1063.3 3033.6 31.24 131.32 1785.56 3472.84 31.46 6565.02 9150.26 -2905.62 32.81
1980.58 -1896.3 -55.3 33.69 11172.0 3207.54 1867.56 32.43 996.66 -1033.9 2975.14 31.77 125.44 1745.38 3494.96 33.23 6566.98 9111.06 -2911.94 32.83
1969.8 -1804.18 -173.8 33.63 11122.02 3265.36 1739.58 29.4 937.86 -859.46 3095.22 24.18 199.92 1718.92 3494.96 31.26 6598.34 9191.42 -2905.62 29.49
2031.54 -1849.26 -64.78 33.5 11174.94 3200.68 1812.26 29.25 941.78 -936.88 2953.02 24.14 174.44 1721.86 3619.78 33.3 6673.8 9194.36 -2918.26 32.85
2066.82 -1843.38 -94.8 33.58 11172.98 3325.14 1824.9 29.47 855.54 -940.8 2935.64 24.16 97.02 1724.8 3419.12 33.45 6680.66 9169.86 -2869.28 32.96
2108.96 -1830.64 -189.6 32.5 11148.48 3234.0 1711.14 32.79 1043.7 -1071.14 2886.66 31.59 -7.84 1718.92 3412.8 33.25 6682.62 9182.6 -2907.2 32.77
2019.78 -1808.1 -124.82 33.52 11211.2 3162.46 1756.96 29.27 1007.44 -1037.82 2851.9 31.86 96.04 1727.74 3548.68 33.19 6633.62 9242.38 -2918.26 32.65
2017.82 -1770.86 -124.82 33.61 11167.1 3214.4 1775.92 29.49 918.26 -989.8 2855.06 24.18 153.86 1757.14 3580.28 33.16 6604.22 9048.34 -2962.5 29.4
2066.82 -1826.72 -30.02 33.5 11204.34 3237.92 1755.38 32.63 958.44 -1098.58 3125.24 24.27 187.18 1724.8 3534.46 31.31 6603.24 9133.6 -2956.18 33.19
2076.62 -1845.34 -83.74 32.46 11244.52 3199.7 1786.98 32.61 978.04 -1050.56 3039.92 24.05 150.92 1722.84 3414.38 31.37 6654.2 9065.98 -2894.56 29.49
2016.84 -1810.06 -102.7 33.5 11174.94 3254.58 1760.12 29.58 970.2 -948.64 3065.2 24.34 149.94 1654.24 3586.6 31.37 6578.74 9142.42 -2881.92 29.29
2079.56 -1798.3 12.64 32.54 11193.56 3223.22 1742.74 29.29 849.66 -968.24 2826.62 24.38 162.68 1742.44 3550.26 33.38 6567.96 9056.18 -2804.5 32.94
1950.2 -1804.18 -132.72 33.58 11192.58 3302.6 1687.44 29.51 941.78 -999.6 2981.46 24.34 161.7 1677.76 3564.48 31.46 6616.96 9109.1 -2923.0 29.45
1999.2 -1786.54 -88.48 33.56 11136.72 3266.34 1796.46 32.57 936.88 -1094.66 3106.28 24.2 169.54 1687.56 3515.5 31.37 6578.74 9090.48 -3014.64 32.99
2081.52 -1873.76 -12.64 32.7 11117.12 3273.2 1780.66 32.77 978.04 -1092.7 2889.82 31.62 123.48 1785.56 3518.66 33.32 6561.1 9199.26 -2804.5 29.31
1964.9 -1840.44 -210.14 33.5 11165.14 3240.86 1749.06 32.68 992.74 -1079.96 2932.48 31.59 120.54 1746.36 3553.42 33.12 6558.16 9024.82 -2870.86 32.88
2056.04 -1850.24 -33.18 33.65 11146.52 3250.66 1834.38 32.65 1088.78 -1095.64 2962.5 31.5 185.22 1750.28 3540.78 31.26 6573.84 9011.1 -2757.1 32.88
2048.2 -1871.8 -175.38 32.5 11116.14 3274.18 1752.22 32.61 915.32 -1094.66 3065.2 24.49 187.18 1700.3 3513.92 31.31 6471.92 8973.86 -2717.6 29.47
1941.38 -1906.1 -66.36 33.5 11125.94 3308.48 1768.02 32.57 1007.44 -1091.72 3172.64 31.62 134.26 1674.82 3368.56 31.42 6501.32 8963.08 -2646.5 32.88
2075.64 -1784.58 -105.86 32.81 11132.8 3237.92 1801.2 32.68 971.18 -1105.44 2900.88 31.68 156.8 1703.24 3507.6 33.12 6458.2 9121.84 -2859.8 33.03
2052.12 -1840.44 -31.6 33.36 11061.26 3198.72 1804.36 29.6 883.96 -996.66 2959.34 24.29 195.02 1730.68 3578.7 33.1 6534.64 9094.4 -2848.74 32.85
2025.66 -1899.24 -9.48 32.92 11072.04 3258.5 1768.02 29.56 999.6 -1002.54 2971.98 31.62 171.5 1790.46 3646.64 33.08 6480.74 9120.86 -2765.0 29.56
1975.68 -1862.0 -12.64 33.34 11156.32 3227.14 1794.88 29.49 874.16 -1040.76 2934.06 31.68 142.1 1737.54 3573.96 33.12 6479.76 9101.26 -2812.4 32.99
2041.34 -1793.4 -72.68 33.58 11054.4 3240.86 1779.08 32.7 994.7 -1095.64 3084.16 31.86 172.48 1723.82 3469.68 31.39 6475.84 9075.78 -2907.2 32.9
2100.14 -1881.6 -61.62 32.9 11127.9 3271.24 1758.54 32.65 1002.54 -1099.56 2927.74 31.68 188.16 1774.78 3592.92 33.14 6419.0 9090.48 -2747.62 29.4
2019.78 -1764.0 30.02 33.41 11148.48 3218.32 1779.08 29.34 1010.38 -920.22 2994.1 31.73 139.16 1733.62 3578.7 33.16 6499.36 9019.92 -2850.32 33.05
2073.68 -1807.12 -222.78 32.74 11132.8 3322.2 1820.16 29.36 919.24 -910.42 3062.04 23.96 191.1 1696.38 3662.44 31.57 6497.4 9089.5 -2801.34 29.6
2026.64 -1880.62 -69.52 32.83 11190.62 3234.98 1790.14 29.58 865.34 -977.06 3079.42 24.12 151.9 1674.82 3618.2 31.35 6477.8 9138.5 -2825.04 32.9
2064.86 -1856.12 -135.88 33.36 11189.64 3212.44 1856.5 29.54 907.48 -926.1 3076.26 24.18 182.28 1670.9 3616.62 31.46 6416.06 9051.28 -2802.92 29.42
2047.22 -1752.24 -113.76 32.83 11125.94 3256.54 1854.92 29.6 864.36 -960.4 2924.58 31.66 153.86 1765.96 3585.02 33.16 6446.44 9116.94 -2856.64 29.42
2038.4 -1856.12 -251.22 32.9 11160.24 3210.48 1756.96 29.45 923.16 -944.72 2927.74 24.29 49.98 1684.62 3619.78 33.34 6452.32 9147.32 -2826.62 32.83
1956.08 -1747.34 -91.64 33.45 11142.6 3305.54 1741.16 29.42 921.2 -966.28 3090.48 24.16 188.16 1729.7 3599.24 31.64 6462.12 9082.64 -2689.16 33.23
1930.6 -1773.8 -93.22 33.41 11191.6 3241.84 1733.26 32.79 1032.92 -980.98 3114.18 31.53 119.56 1734.6 3539.2 31.33 6500.34 9082.64 -2791.86 32.85
2005.08 -1812.02 -134.3 33.56 11180.82 3292.8 1717.46 32.63 1004.5 -1010.38 2954.6 31.75 158.76 1736.56 3487.06 31.44 6485.64 9080.68 -2820.3 29.49
2076.62 -1841.42 -104.28 32.83 11145.54 3256.54 1766.44 32.7 912.38 -988.82 3079.42 23.92 132.3 1709.12 3491.8 31.26 6443.5 9014.04 -2864.54 32.85
1989.4 -1816.92 -45.82 33.5 11158.28 3198.72 1771.18 29.47 889.84 -917.28 3046.24 24.12 155.82 1675.8 3561.32 31.33 6479.76 9102.24 -2774.48 32.94
2053.1 -1763.02 -161.16 33.69 11124.96 3282.02 1670.06 32.65 1035.86 -970.2 3112.6 24.31 133.28 1700.3 3425.44 31.39 6471.92 9079.7 -2897.72 29.51
1954.12 -1701.28 -93.22 33.65 11165.14 3268.3 1750.64 32.54 962.36 -1011.36 2959.34 31.68 116.62 1716.96 3423.86 31.62 6459.18 8984.64 -2845.58 29.47
2032.52 -1751.26 -77.42 33.5 11182.78 3252.62 1730.1 29.29 999.6 -949.62 2910.36 31.44 56.84 1752.24 3646.64 33.3 6495.44 9006.2 -2739.72 33.08
1976.66 -1764.98 -188.02 32.65 11175.92 3242.82 1812.26 29.38 947.66 -925.12 2810.82 31.53 83.3 1758.12 3597.66 33.47 6521.9 9045.4 -2779.22 32.85
1944.32 -1798.3 -56.88 33.56 11164.16 3266.34 1840.7 32.68 983.92 -1093.68 2886.66 31.62 140.14 1791.44 3498.12 33.34 6525.82 9102.24 -2757.1 29.54
2010.96 -1784.58 -121.66 33.58 11160.24 3283.98 1823.32 32.83 1024.1 -1057.42 3090.48 31.62 132.3 1775.76 3529.72 31.33 6535.62 9085.58 -2701.8 29.42
2001.16 -1779.68 -211.72 32.72 11058.32 3286.92 1832.8 32.65 1039.78 -1013.32 3213.72 31.73 75.46 1782.62 3493.38 31.62 6517.0 9080.68 -2791.86 32.81
2104.06 -1919.82 -167.48 32.54 11138.68 3234.98 1786.98 29.34 960.4 -997.64 3111.02 24.27 149.94 1684.62 3700.36 31.31 6471.92 9042.46 -2739.72 29.54
2007.04 -1767.92 -63.2 33.43 11127.9 3150.7 1815.42 29.42 1025.08 -1116.22 3057.3 31.62 204.82 1750.28 3498.12 33.16 6472.9 9132.62 -2734.98 29.47
2103.08 -1890.42 -172.22 32.5 11108.3 3285.94 1932.34 29.25 1046.64 -1079.96 3185.28 31.84 141.12 1693.44 3498.12 33.3 6503.28 9145.36 -2796.6 32.88
2112.88 -1867.88 -25.28 32.57 11109.28 3196.76 1892.84 29.51 1063.3 -1045.66 3071.52 31.73 204.82 1660.12 3499.7 33.16 6492.5 9090.48 -2744.46 29.49
2060.94 -1856.12 -113.76 32.77 11113.2 3238.9 1853.34 32.7 989.8 -981.96 2994.1 24.29 222.46 1671.88 3427.02 31.44 6563.06 9134.58 -2807.66 29.58
1970.78 -1903.16 -82.16 32.79 11140.64 3261.44 1824.9 29.36 892.78 -1034.88 3104.7 24.36 186.2 1748.32 3501.28 31.37 6463.1 9087.54 -2757.1 32.83
1946.28 -1868.86 -77.42 33.36 11110.26 3232.04 1775.92 29.6 974.12 -1060.36 3076.26 31.59 147.98 1764.0 3452.3 33.14 6443.5 9131.64 -2790.28 32.92
2064.86 -1919.82 -129.56 32.9 11130.84 3237.92 1768.02 32.57 988.82 -1000.58 2861.38 31.62 191.1 1715.98 3540.78 33.16 6514.06 9017.96 -2758.68 29.58
2001.16 -1899.24 -143.78 33.52 11132.8 3198.72 1853.34 32.57 1029.98 -973.14 2953.02 31.48 181.3 1679.72 3615.04 33.16 6528.76 9144.38 -2763.42 29.31
2031.54 -1803.2 -169.06 32.46 11140.64 3238.9 1749.06 29.47 953.54 -1059.38 2953.02 31.26 152.88 1715.98 3499.7 33.21 6574.82 9078.72 -2731.82 33.21
2054.08 -1892.38 -90.06 32.54 11134.76 3236.94 1796.46 29.38 1013.32 -1093.68 3093.64 31.77 168.56 1637.58 3487.06 33.3 6496.42 9088.52 -2804.5 33.14
2003.12 -1768.9 -39.5 33.41 11094.58 3264.38 1736.42 29.29 1035.86 -1089.76 2880.34 31.75 166.6 1706.18 3545.52 33.23 6548.36 9057.16 -2796.6 29.4
2105.04 -1854.16 -1.58 32.5 11129.86 3206.56 1930.76 29.45 1011.36 -1021.16 2946.7 31.35 133.28 1734.6 3504.44 33.16 6543.46 9053.24 -2746.04 29.47
2007.04 -1890.42 -178.54 32.39 11156.32 3310.44 1775.92 32.74 945.7 -994.7 3054.14 24.05 171.5 1686.58 3453.88 31.39 6521.9 9087.54 -2785.54 32.94
2015.86 -1826.72 -75.84 32.52 11153.38 3274.18 1835.96 32.68 980.0 -893.76 2964.08 24.4 256.76 1645.42 3559.74 31.48 6613.04 9104.2 -2769.74 33.14
1970.78 -1889.44 -44.24 33.85 11125.94 3249.68 1845.44 32.59 943.74 -979.02 2946.7 24.38 143.08 1655.22 3555.0 31.37 6530.72 9039.52 -2813.98 29.51
2041.34 -1881.6 -85.32 32.52 11140.64 3264.38 1834.38 29.69 1060.36 -1077.02 2986.2 31.75 76.44 1714.02 3542.36 33.25 6583.64 9071.86 -2739.72 29.49
2006.06 -1862.98 -148.52 32.48 11085.76 3299.66 1817.0 32.72 1015.28 -945.7 2881.92 31.53 170.52 1659.14 3610.3 33.32 6640.48 8996.4 -2795.02 33.03
1966.86 -1817.9 -165.9 33.56 11172.98 3247.72 1722.2 32.7 984.9 -989.8 2844.0 24.05 195.02 1705.2 3572.38 31.39 6549.34 9026.78 -2892.98 32.74
2013.9 -1851.22 -83.74 32.43 11156.32 3191.86 1730.1 29.14 907.48 -1066.24 3058.88 31.46 144.06 1701.28 3537.62 33.25 6587.56 8975.82 -2809.24 29.51
2047.22 -1813.98 -115.34 33.5 11179.84 3235.96 1854.92 29.42 862.4 -1100.54 3090.48 24.09 153.86 1708.14 3441.24 31.44 6560.12 8993.46 -2957.76 29.25
1996.26 -1833.58 -186.44 32.81 11148.48 3206.56 1799.62 29.4 930.02 -1036.84 3013.06 24.49 138.18 1766.94 3371.72 31.42 6563.06 9037.56 -2802.92 32.79
1982.54 -1821.82 34.76 33.54 11102.42 3307.5 1810.68 32.5 932.96 -960.4 2880.34 24.23 140.14 1634.64 3573.96 31.42 6571.88 8995.42 -2859.8 32.99
1966.86 -1798.3 -213.3 33.47 11152.4 3265.36 1766.44 32.57 944.72 -986.86 3150.52 24.29 131.32 1657.18 3632.42 31.46 6594.42 8983.66 -2807.66 29.4
1917.86 -1856.12 4.74 33.36 11168.08 3275.16 1873.88 29.36 959.42 -1064.28 3038.34 24.27 125.44 1787.52 3487.06 31.39 6568.94 9012.08 -2829.78 29.51
2037.42 -1862.98 31.6 32.83 11092.62 3278.1 1687.44 29.45 1026.06 -1081.92 2844.0 31.53 132.3 1786.54 3722.48 33.36 6575.8 8987.58 -2831.36 32.9
2028.6 -1791.44 33.18 33.74 11187.68 3265.36 1791.72 29.58 940.8 -1056.44 2935.64 31.79 131.32 1755.18 3506.02 33.5 6617.94 9009.14 -2734.98 29.49
2002.14 -1816.92 -189.6 33.47 11122.02 3232.04 1738.0 29.34 1001.56 -1077.02 2968.82 31.75 128.38 1723.82 3632.42 33.36 6503.28 8952.3 -2706.54 29.62
2069.76 -1794.38 -162.74 33.56 11167.1 3250.66 1772.76 29.62 928.06 -1037.82 3020.96 24.42 121.52 1768.9 3555.0 31.39 6537.58 8843.52 -2782.38 29.51
1933.54 -1871.8 -17.38 33.61 11164.16 3269.28 1824.9 29.36 1036.84 -1037.82 3052.56 31.59 122.5 1732.64 3468.1 33.14 6463.1 8842.54 -2768.16 29.49
2024.68 -1814.96 -178.54 32.7 11136.72 3288.88 1888.1 29.58 997.64 -1142.68 2872.44 31.35 112.7 1773.8 3532.88 33.27 6568.94 8959.16 -2763.42 32.85
2089.36 -1819.86 -159.58 32.57 11144.56 3293.78 1747.48 32.57 867.3 -985.88 2872.44 24.38 226.38 1701.28 3498.12 31.33 6608.14 8976.8 -2744.46 29.31
1963.92 -1780.66 -121.66 33.56 11096.54 3276.14 1734.84 32.61 1041.74 -930.02 2899.3 31.44 139.16 1668.94 3558.16 33.23 6558.16 8965.04 -2736.56 29.58
2080.54 -1855.14 -143.78 32.52 11114.18 3264.38 1774.34 32.61 973.14 -964.32 2962.5 31.39 167.58 1744.4 3531.3 33.12 6534.64 8875.86 -2657.56 32.83
1997.24 -1776.74 -134.3 32.72 11077.92 3208.52 1840.7 29.38 970.2 -1116.22 3052.56 31.73 101.92 1812.02 3488.64 33.14 6577.76 8947.4 -2671.78 32.92
2001.16 -1771.84 -175.38 32.48 11142.6 3314.36 1753.8 32.74 897.68 -985.88 2916.68 31.66 194.04 1650.32 3548.68 33.34 6520.92 8952.3 -2731.82 33.14
2006.06 -1837.5 25.28 33.65 11230.8 3288.88 1799.62 32.81 1027.04 -980.0 2902.46 31.44 146.02 1666.0 3667.18 33.36 6574.82 9040.5 -2763.42 29.54
1968.82 -1790.46 -161.16 33.72 11129.86 3325.14 1810.68 29.47 949.62 -1088.78 3032.02 24.38 128.38 1728.72 3442.82 31.48 6593.44 8972.88 -2703.38 32.92
1960.0 -1770.86 -202.24 33.58 11067.14 3340.82 1865.98 32.65 903.56 -983.92 3046.24 24.23 152.88 1696.38 3458.62 31.31 6584.62 8965.04 -2758.68 29.58
2081.52 -1854.16 -1.58 32.68 11157.3 3245.76 1734.84 32.61 891.8 -968.24 3065.2 24.47 159.74 1667.96 3482.32 31.22 6574.82 8987.58 -2704.96 29.47
2014.88 -1730.68 -67.94 33.61 11123.98 3259.48 1736.42 32.48 1006.46 -961.38 3024.12 31.7 152.88 1681.68 3523.4 33.36 6517.98 9065.0 -2791.86 29.51
2019.78 -1814.96 -61.62 32.79 11099.48 3295.74 1783.82 32.74 906.5 -967.26 2900.88 24.25 193.06 1670.9 3526.56 31.42 6542.48 9005.22 -2700.22 29.47
1999.2 -1821.82 -129.56 33.85 11172.0 3294.76 1828.06 32.57 949.62 -939.82 3079.42 24.29 172.48 1642.48 3531.3 31.5 6545.42 9034.62 -2674.94 32.94
2019.78 -1847.3 -131.14 32.48 11182.78 3230.08 1775.92 29.6 986.86 -1091.72 2981.46 31.66 126.42 1723.82 3594.5 33.3 6603.24 9007.18 -2714.44 29.31
1993.32 -1788.5 -52.14 32.54 11096.54 3315.34 1766.44 29.58 982.94 -1067.22 3041.5 31.75 140.14 1727.74 3630.84 33.27 6580.7 8970.92 -2632.28 32.85
2061.92 -1858.08 -60.04 33.45 11086.74 3257.52 1828.06 29.6 953.54 -1028.02 3141.04 24.14 118.58 1764.98 3526.56 31.55 6569.92 8975.82 -2791.86 33.05
1959.02 -1861.02 -116.92 32.74 11146.52 3267.32 1696.92 32.54 882.98 -1008.42 3104.7 23.89 232.26 1709.12 3498.12 31.48 6552.28 9001.3 -2643.34 29.6
2070.74 -1847.3 -159.58 32.65 11108.3 3294.76 1821.74 29.56 929.04 -1083.88 3087.32 24.2 154.84 1762.04 3466.52 31.35 6491.52 9029.72 -2790.28 32.94
2081.52 -1897.28 -12.64 32.41 11136.72 3222.24 1726.94 29.49 939.82 -1018.22 3103.12 31.7 143.08 1734.6 3471.26 33.14 6612.06 9014.04 -2752.36 29.58
1998.22 -1867.88 -33.18 33.61 11023.04 3312.4 1821.74 32.59 1010.38 -982.94 2975.14 31.75 168.56 1689.52 3662.44 33.27 6557.18 9039.52 -2633.86 33.01
2068.78 -1798.3 -162.74 32.43 11148.48 3244.78 1750.64 32.77 1057.42 -1005.48 2892.98 31.59 212.66 1681.68 3608.72 33.19 6596.38 8989.54 -2697.06 29.56
1994.3 -1800.26 -17.38 33.41 11156.32 3234.98 1766.44 29.36 963.34 -1029.98 2938.8 31.79 124.46 1764.98 3528.14 33.3 6579.72 8982.68 -2779.22 29.65
2025.66 -1841.42 -113.76 32.5 11148.48 3288.88 1764.86 29.65 1008.42 -1090.74 3201.08 31.66 194.04 1750.28 3558.16 33.23 6590.5 9011.1 -2844.0 32.99
2075.64 -1828.68 -60.04 32.46 11094.58 3256.54 1793.3 29.58 1013.32 -1072.12 3060.46 31.75 137.2 1747.34 3622.94 33.14 6562.08 9018.94 -2687.58 29.69
2078.58 -1873.76 -107.44 32.72 11190.62 3251.64 1804.36 29.58 895.72 -1112.3 3114.18 24.03 104.86 1775.76 3483.9 31.46 6518.96 9052.26 -2701.8 32.77
2061.92 -1861.02 -7.9 32.7 11136.72 3247.72 1790.14 29.58 957.46 -1033.9 3107.86 24.34 157.78 1760.08 3536.04 31.46 6534.64 9048.34 -2769.74 29.51
2107.0 -1773.8 -61.62 32.68 11089.68 3278.1 1741.16 29.31 992.74 -969.22 2967.24 24.34 229.32 1675.8 3425.44 31.31 6553.26 9045.4 -2693.9 33.12
2074.66 -1887.48 -74.26 32.43 11136.72 3270.26 1937.08 29.56 932.96 -988.82 2978.3 24.27 167.58 1710.1 3485.48 31.31 6572.86 9035.6 -2706.54 32.81
1950.2 -1817.9 -60.04 33.34 11138.68 3280.06 1809.1 32.68 962.36 -984.9 3027.28 31.64 227.36 1681.68 3649.8 31.31 6585.6 9041.48 -2763.42 29.49
1944.32 -1800.26 -135.88 33.43 11106.34 3244.78 1760.12 29.58 958.44 -1009.4 2859.8 24.14 209.72 1719.9 3513.92 31.22 6551.3 9041.48 -2761.84 33.01
2041.34 -1772.82 -214.88 32.5 11130.84 3204.6 1744.32 29.58 864.36 -1008.42 3062.04 24.27 180.32 1787.52 3561.32 31.35 6564.04 9029.72 -2763.42 32.99
1984.5 -1847.3 -52.14 33.65 11116.14 3182.06 1793.3 32.57 1011.36 -1125.04 3096.8 31.57 113.68 1784.58 3551.84 33.3 6578.74 8967.0 -2686.0 32.85
2045.26 -1821.82 -131.14 32.63 11112.22 3190.88 1810.68 32.61 1050.56 -1070.16 3081.0 31.66 166.6 1672.86 3632.42 33.27 6554.24 8987.58 -2708.12 29.47
1988.42 -1816.92 -36.34 33.65 11142.6 3210.48 1859.66 29.34 950.6 -1069.18 3068.36 24.03 147.0 1752.24 3543.94 33.12 6594.42 8994.44 -2753.94 32.99
2027.62 -1839.46 -131.14 32.61 11142.6 3261.44 1726.94 29.42 927.08 -1077.02 3063.62 24.38 159.74 1689.52 3493.38 31.39 6551.3 9050.3 -2712.86 32.63
2047.22 -1919.82 -3.16 33.65 11069.1 3297.7 1772.76 29.51 950.6 -1029.0 3074.68 24.07 154.84 1768.9 3583.44 31.42 6559.14 9002.28 -2733.4 29.51
2058.98 -1832.6 -132.72 32.37 11068.12 3236.94 1720.62 29.54 918.26 -1130.92 3013.06 24.31 73.5 1697.36 3589.76 33.05 6599.32 8954.26 -2686.0 32.9
2021.74 -1770.86 -124.82 32.52 11194.54 3296.72 1865.98 32.52 991.76 -978.04 2949.86 31.77 219.52 1694.42 3556.58 31.26 6570.9 9018.94 -2704.96 32.77
1997.24 -1918.84 -45.82 33.72 11109.28 3232.04 1809.1 32.52 1012.34 -1121.12 2943.54 31.7 135.24 1640.52 3600.82 33.14 6588.54 8908.2 -2695.48 32.77
1963.92 -1806.14 -162.74 33.47 11098.5 3302.6 1828.06 32.57 1024.1 -1084.86 3107.86 31.68 135.24 1768.9 3599.24 33.1 6606.18 8975.82 -2772.9 33.01
1991.36 -1871.8 1.58 33.32 11087.72 3225.18 1862.82 29.62 900.62 -1132.88 3090.48 23.98 152.88 1761.06 3526.56 33.34 6596.38 8940.54 -2643.34 29.82
1968.82 -1834.56 -85.32 33.61 11079.88 3153.64 1794.88 32.57 964.32 -1090.74 3058.88 31.86 136.22 1809.08 3637.16 33.16 6592.46 8930.74 -2681.26 32.83
2006.06 -1813.98 -121.66 33.36 11179.84 3181.08 1911.8 32.57 993.72 -1055.46 2889.82 31.39 217.56 1679.72 3596.08 33.19 6534.64 8987.58 -2746.04 32.88
2018.8 -1880.62 -178.54 32.43 11219.04 3220.28 1804.36 29.56 959.42 -965.3 2900.88 24.34 169.54 1613.08 3506.02 31.48 6641.46 8987.58 -2727.08 32.92
2005.08 -1860.04 -34.76 33.41 11112.22 3198.72 1755.38 29.56 927.08 -990.78 2905.62 24.2 149.94 1703.24 3496.54 31.39 6622.84 8947.4 -2681.26 29.56
2017.82 -1771.84 -102.7 32.83 11139.66 3204.6 1831.22 32.54 1000.58 -965.3 2926.16 31.86 116.62 1652.28 3580.28 31.44 6579.72 8963.08 -2722.34 33.01
1973.72 -1812.02 -137.46 33.43 11137.7 3208.52 1878.62 32.79 1065.26 -1049.58 2892.98 31.77 106.82 1674.82 3602.4 33.12 6527.78 8951.32 -2655.98 33.03
1940.4 -1726.76 -88.48 32.52 11150.44 3280.06 1944.98 32.63 1022.14 -1025.08 2891.4 31.66 133.28 1673.84 3502.86 31.35 6639.5 8852.34 -2731.82 29.36
2079.56 -1858.08 -188.02 32.85 11120.06 3222.24 1835.96 32.74 994.7 -957.46 2973.56 31.57 215.6 1649.34 3586.6 31.55 6641.46 8917.02 -2698.64 32.88
2039.38 -1824.76 -28.44 33.69 11130.84 3220.28 1823.32 29.45 925.12 -1029.98 3167.9 24.14 107.8 1742.44 3529.72 33.36 6586.58 8912.12 -2730.24 32.83
1899.24 -1807.12 -132.72 33.78 11146.52 3203.62 1859.66 29.36 916.3 -977.06 3090.48 24.42 130.34 1753.22 3420.7 31.33 6557.18 8939.56 -2678.1 32.99
2016.84 -1787.52 -135.88 32.59 11071.06 3261.44 1791.72 29.58 926.1 -1070.16 3043.08 24.31 105.84 1814.96 3515.5 31.39 6603.24 8956.22 -2806.08 29.45
1964.9 -1800.26 -156.42 33.61 11135.74 3210.48 1842.28 32.52 954.52 -949.62 2975.14 31.59 136.22 1705.2 3597.66 31.28 6617.94 8934.66 -2588.04 29.6
2039.38 -1768.9 -93.22 32.68 11137.7 3223.22 1812.26 29.49 881.02 -900.62 3017.8 24.16 138.18 1690.5 3501.28 31.44 6583.64 8947.4 -2625.96 32.7
2051.14 -1851.22 -18.96 32.81 11112.22 3242.82 1741.16 29.38 945.7 -977.06 3057.3 24.34 146.02 1791.44 3476.0 31.55 6581.68 9006.2 -2730.24 33.05
1933.54 -1791.44 -137.46 33.72 11085.76 3258.5 1761.7 32.57 1101.52 -1052.52 2943.54 31.79 132.3 1624.84 3517.08 33.32 6577.76 8893.5 -2644.92 29.45
2025.66 -1823.78 -71.1 32.59 11133.78 3269.28 1805.94 32.79 1004.5 -1076.04 3041.5 31.73 121.52 1810.06 3540.78 33.25 6556.2 8999.34 -2689.16 29.42
1908.06 -1801.24 -23.7 33.63 11154.36 3291.82 1756.96 32.57 990.78 -1121.12 3129.98 31.66 151.9 1766.94 3634.0 33.23 6523.86 8985.62 -2763.42 32.7
2024.68 -1853.18 -11.06 32.54 11152.4 3244.78 1832.8 29.56 972.16 -951.58 3131.56 24.25 158.76 1794.38 3441.24 31.42 6618.92 9013.06 -2649.66 32.72
1953.14 -1835.54 17.38 33.54 11110.26 3237.92 1826.48 29.6 948.64 -1133.86 3136.3 24.2 106.82 1734.6 3567.64 33.27 6554.24 8918.0 -2655.98 29.38
1939.42 -1878.66 -52.14 33.61 11171.02 3263.4 1829.64 32.72 1002.54 -1091.72 3109.44 31.7 125.44 1765.96 3556.58 33.25 6591.48 8947.4 -2657.56 29.42
1988.42 -1908.06 -102.7 33.56 11147.5 3257.52 1837.54 32.68 972.16 -891.8 2967.24 31.62 209.72 1675.8 3607.14 31.48 6596.38 8968.96 -2787.12 32.99
1981.56 -1829.66 -139.04 32.63 11184.74 3269.28 1820.16 32.59 932.96 -1023.12 2851.9 31.53 158.76 1697.36 3603.98 31.5 6541.5 8973.86 -2716.02 32.96
2043.3 -1862.0 -48.98 33.27 11219.04 3293.78 1745.9 32.54 1030.96 -1122.1 2965.66 31.68 152.88 1634.64 3668.76 33.19 6650.28 8903.3 -2674.94 29.54
2034.48 -1838.48 -210.14 32.81 11118.1 3234.98 1747.48 32.59 988.82 -1105.44 3155.26 31.64 54.88 1840.44 3575.54 33.21 6585.6 8899.38 -2673.36 29.38
2002.14 -1832.6 -67.94 32.77 11158.28 3340.82 1883.36 32.7 1030.96 -1046.64 2983.04 31.81 150.92 1672.86 3592.92 32.94 6622.84 8892.52 -2687.58 32.94
2059.96 -1864.94 28.44 32.68 11170.04 3248.7 1802.78 32.59 988.82 -1029.98 2967.24 31.75 155.82 1665.02 3634.0 31.48 6567.96 8964.06 -2641.76 32.79
2079.56 -1808.1 -211.72 32.35 11200.42 3238.9 1775.92 29.38 923.16 -957.46 3101.54 24.23 143.08 1672.86 3477.58 31.28 6669.88 8914.08 -2760.26 29.69
2002.14 -1911.0 -90.06 33.63 11137.7 3229.1 1760.12 29.58 937.86 -931.0 3041.5 24.16 118.58 1775.76 3504.44 31.5 6589.52 8939.56 -2752.36 32.85
2009.98 -1737.54 -189.6 32.63 11168.08 3287.9 1775.92 29.4 990.78 -995.68 2953.02 24.09 137.2 1662.08 3485.48 31.37 6553.26 8997.38 -2681.26 32.94
1920.8 -1769.88 -127.98 33.67 11124.96 3276.14 1840.7 32.43 957.46 -1010.38 3019.38 31.86 191.1 1706.18 3701.94 31.5 6567.96 8957.2 -2708.12 32.65
2120.72 -1831.62 -146.94 32.5 11214.14 3239.88 1820.16 32.68 1025.08 -956.48 2941.96 31.81 220.5 1715.0 3539.2 31.59 6577.76 8940.54 -2722.34 29.2
1962.94 -1747.34 -172.22 32.54 11128.88 3154.62 1774.34 29.51 919.24 -942.76 2855.06 24.18 175.42 1724.8 3501.28 31.42 6664.0 8900.36 -2682.84 29.27
2013.9 -1870.82 -23.7 33.56 11168.08 3322.2 1782.24 32.52 1007.44 -1070.16 3156.84 31.68 138.18 1726.76 3618.2 33.12 6553.26 8979.74 -2624.38 32.79
2100.14 -1823.78 -55.3 32.48 11129.86 3264.38 1798.04 29.49 882.98 -997.64 3137.88 24.45 108.78 1727.74 3458.62 33.43 6637.54 8950.34 -2692.32 32.92
2049.18 -1766.94 -115.34 33.58 11137.7 3264.38 1799.62 29.58 903.56 -1058.4 3055.72 24.23 186.2 1722.84 3523.4 33.34 6615.98 8993.46 -2742.88 29.34
1992.34 -1698.34 -124.82 32.7 11145.54 3228.12 1723.78 29.36 939.82 -961.38 3044.66 24.49 -0.98 1763.02 3504.44 31.48 6594.42 9011.1 -2670.2 33.1
1977.64 -1779.68 -39.5 33.47 11086.74 3269.28 1850.18 29.29 979.02 -990.78 3049.4 24.23 147.98 1776.74 3493.38 31.37 6566.0 8957.2 -2728.66 32.88
2047.22 -1725.78 -150.1 32.77 11136.72 3178.14 1701.66 29.51 989.8 -972.16 3003.58 24.4 152.88 1768.9 3493.38 31.33 6596.38 8927.8 -2750.78 32.96
2033.5 -1789.48 -31.6 33.58 11189.64 3258.5 1793.3 29.58 1029.98 -970.2 2862.96 31.97 179.34 1746.36 3445.98 31.37 6604.22 8942.5 -2723.92 29.42
1969.8 -1778.7 -72.68 33.69 11188.66 3258.5 1839.12 29.36 961.38 -1049.58 2959.34 31.66 14.7 1745.38 3553.42 33.36 6584.62 8927.8 -2674.94 29.4
1951.18 -1752.24 -64.78 33.61 11133.78 3224.2 1911.8 29.49 1058.4 -1081.92 2945.12 31.81 87.22 1683.64 3608.72 33.14 6580.7 8940.54 -2763.42 33.01
2009.98 -1810.06 -115.34 32.61 11078.9 3266.34 1828.06 32.63 951.58 -1042.72 3115.76 24.2 75.46 1735.58 3518.66 33.19 6559.14 8938.58 -2728.66 32.83
1952.16 -1860.04 20.54 33.58 11142.6 3155.6 1903.9 32.59 998.62 -1095.64 3077.84 31.64 59.78 1785.56 3630.84 33.32 6514.06 9033.64 -2686.0 29.58
2096.22 -1877.68 47.4 32.83 11121.04 3202.64 1782.24 29.54 874.16 -1046.64 2937.22 31.95 168.56 1650.32 3589.76 31.35 6573.84 8915.06 -2638.6 29.47
2015.86 -1813.98 -159.58 32.46 11148.48 3228.12 1802.78 29.54 902.58 -969.22 2867.7 24.23 172.48 1643.46 3558.16 31.57 6600.3 9006.2 -2646.5 32.92
2024.68 -1781.64 -36.34 33.3 11109.28 3234.0 1848.6 29.49 953.54 -948.64 3003.58 24.12 182.28 1720.88 3550.26 31.22 6556.2 8982.68 -2771.32 29.56
2063.88 -1864.94 -48.98 32.5 11127.9 3262.42 1900.74 29.56 1007.44 -1041.74 2883.5 31.73 121.52 1657.18 3569.22 31.33 6586.58 9049.32 -2689.16 29.38
1911.98 -1761.06 -105.86 32.74 11129.86 3206.56 1818.58 29.58 990.78 -1085.84 2995.68 31.75 170.52 1669.92 3626.1 33.43 6572.86 8995.42 -2657.56 29.54
2074.66 -1758.12 -170.64 32.3 11127.9 3153.64 1750.64 29.34 993.72 -1007.44 2911.94 31.59 147.98 1724.8 3487.06 31.62 6614.02 8955.24 -2637.02 29.45
2069.76 -1770.86 -42.66 32.57 11177.88 3234.0 1853.34 29.51 1000.58 -1039.78 3081.0 24.25 214.62 1722.84 3494.96 31.33 6546.4 8891.54 -2575.4 32.85
2118.76 -1850.24 -148.52 32.52 11153.38 3236.94 1774.34 32.54 859.46 -1122.1 3117.34 24.18 115.64 1720.88 3534.46 33.3 6646.36 8961.12 -2746.04 29.6
2006.06 -1791.44 -28.44 33.67 11123.98 3268.3 1919.7 32.74 1065.26 -1124.06 3076.26 24.18 140.14 1770.86 3520.24 33.41 6501.32 8949.36 -2728.66 33.05
2042.32 -1811.04 -153.26 32.41 11106.34 3204.6 1842.28 32.57 955.5 -968.24 2989.36 24.18 176.4 1780.66 3550.26 31.42 6558.16 8972.88 -2733.4 32.79
1984.5 -1854.16 -94.8 33.54 11080.86 3185.98 1798.04 29.65 872.2 -1045.66 2968.82 24.47 158.76 1708.14 3526.56 31.55 6617.94 8955.24 -2703.38 29.51
2002.14 -1829.66 -18.96 32.48 11150.44 3210.48 1967.1 29.51 955.5 -1039.78 2927.74 24.38 230.3 1672.86 3559.74 31.35 6588.54 8947.4 -2637.02 29.42
2045.26 -1866.9 -50.56 33.65 11152.4 3205.58 1877.04 32.54 923.16 -1065.26 3098.38 24.23 137.2 1767.92 3449.14 31.22 6533.66 8978.76 -2641.76 29.4
2008.02 -1923.74 25.28 32.61 11118.1 3218.32 1775.92 29.58 1026.06 -1130.92 2913.52 31.55 176.4 1654.24 3570.8 33.38 6572.86 8948.38 -2641.76 32.81
1946.28 -1824.76 -67.94 33.63 11157.3 3250.66 1899.16 32.5 1020.18 -1123.08 3109.44 31.59 98.0 1753.22 3600.82 33.21 6577.76 8923.88 -2619.64 29.42
2010.96 -1796.34 -91.64 32.59 11081.84 3260.46 1809.1 32.5 973.14 -1085.84 3082.58 31.64 127.4 1740.48 3664.02 33.27 6556.2 8987.58 -2595.94 29.42
2031.54 -1882.58 -55.3 33.78 11124.96 3239.88 1829.64 32.5 970.2 -906.5 3081.0 24.38 156.8 1696.38 3547.1 31.57 6628.72 8967.98 -2711.28 29.45
2052.12 -1834.56 -145.36 32.54 11120.06 3202.64 1847.02 32.7 1004.5 -1068.2 3166.32 24.27 118.58 1715.98 3515.5 33.03 6610.1 8935.64 -2686.0 29.51
1924.72 -1858.08 -127.98 32.46 11132.8 3308.48 1845.44 32.63 1069.18 -1053.5 3038.34 31.79 90.16 1748.32 3575.54 33.36 6628.72 8944.46 -2648.08 32.85
2016.84 -1809.08 -33.18 33.47 11166.12 3276.14 1828.06 29.38 918.26 -986.86 2910.36 24.18 129.36 1631.7 3589.76 31.37 6501.32 9022.86 -2668.62 29.49
2036.44 -1818.88 -124.82 32.46 11178.86 3230.08 1788.56 29.58 1007.44 -965.3 2973.56 31.62 189.14 1738.52 3597.66 31.55 6614.02 8932.7 -2667.04 32.92
2031.54 -1878.66 -11.06 32.59 11159.26 3207.54 1892.84 29.31 942.76 -1058.4 2948.28 32.01 182.28 1750.28 3673.5 31.24 6496.42 8994.44 -2632.28 29.54
1911.0 -1801.24 -164.32 33.5 11123.98 3192.84 1970.26 32.83 975.1 -1041.74 3047.82 31.68 106.82 1767.92 3605.56 33.14 6607.16 8985.62 -2657.56 29.47
2008.02 -1828.68 -37.92 32.59 11196.5 3263.4 1758.54 29.45 1033.9 -1106.42 2924.58 31.79 190.12 1681.68 3573.96 33.25 6552.28 8958.18 -2734.98 32.74
1956.08 -1813.98 -91.64 33.78 11154.36 3271.24 1801.2 29.6 842.8 -1004.5 3020.96 24.45 124.46 1671.88 3534.46 31.19 6567.96 8959.16 -2618.06 32.9
2051.14 -1808.1 -151.68 32.43 11188.66 3260.46 1801.2 32.52 912.38 -976.08 3090.48 24.0 65.66 1788.5 3509.18 31.33 6550.32 8905.26 -2727.08 32.92
2031.54 -1887.48 -137.46 32.7 11179.84 3242.82 1760.12 32.48 894.74 -966.28 2992.52 24.18 46.06 1753.22 3460.2 31.24 6625.78 8937.6 -2689.16 29.2
1935.5 -1760.08 -178.54 33.74 11171.02 3222.24 1810.68 29.58 922.18 -975.1 2877.18 23.94 107.8 1734.6 3550.26 31.22 6615.0 8985.62 -2779.22 29.25
2010.96 -1822.8 -20.54 32.92 11172.98 3196.76 1834.38 29.4 1010.38 -955.5 2837.68 31.88 138.18 1688.54 3596.08 31.19 6590.5 8961.12 -2774.48 33.14
1930.6 -1837.5 4.74 33.63 11179.84 3278.1 1832.8 29.51 925.12 -1001.56 2902.46 24.14 142.1 1764.0 3556.58 31.35 6615.98 8943.48 -2746.04 29.6
2035.46 -1807.12 44.24 33.67 11146.52 3256.54 1798.04 32.52 891.8 -959.42 3099.96 24.16 78.4 1709.12 3504.44 31.33 6595.4 8955.24 -2613.32 29.58
1991.36 -1881.6 9.48 32.48 11173.96 3266.34 1805.94 32.68 1028.02 -1079.96 3073.1 31.48 88.2 1719.9 3585.02 33.23 6557.18 8983.66 -2738.14 29.45
2060.94 -1833.58 -48.98 33.63 11103.4 3214.4 1714.3 32.65 1019.2 -1105.44 3074.68 31.73 97.02 1794.38 3547.1 33.3 6598.34 8964.06 -2663.88 33.21
1942.36 -1768.9 -170.64 33.38 11243.54 3274.18 1828.06 32.68 1015.28 -1115.24 3038.34 24.45 123.48 1708.14 3476.0 33.3 6615.0 8996.4 -2689.16 29.58
2088.38 -1869.84 14.22 33.5 11152.4 3239.88 1786.98 32.5 892.78 -969.22 3039.92 24.09 81.34 1746.36 3512.34 31.22 6534.64 8971.9 -2704.96 29.38
2046.24 -1770.86 -233.84 32.88 11123.98 3278.1 1807.52 32.59 931.0 -1030.96 3084.16 24.09 72.52 1764.0 3510.76 31.22 6593.44 8972.88 -2790.28 32.7
2060.94 -1877.68 -91.64 32.72 11173.96 3287.9 1850.18 32.57 991.76 -1072.12 3092.06 31.68 142.1 1762.04 3586.6 33.32 6544.44 8971.9 -2682.84 32.83
2088.38 -1824.76 -132.72 32.48 11134.76 3219.3 1810.68 29.58 933.94 -1009.4 2894.56 31.73 139.16 1695.4 3605.56 31.28 6540.52 8967.0 -2674.94 29.51
1990.38 -1856.12 37.92 32.7 11129.86 3226.16 1932.34 29.56 947.66 -1072.12 3000.42 31.57 119.56 1736.56 3605.56 33.25 6605.2 8949.36 -2684.42 29.58
1912.96 -1851.22 -60.04 33.34 11151.42 3306.52 1872.3 29.45 963.34 -1066.24 2987.78 31.48 86.24 1609.16 3585.02 33.12 6587.56 8957.2 -2720.76 33.01
2019.78 -1841.42 -30.02 32.68 11206.3 3241.84 1938.66 32.57 1011.36 -1037.82 3185.28 24.18 101.92 1724.8 3534.46 33.1 6566.0 8954.26 -2668.62 32.72
1943.34 -1770.86 -7.9 33.52 11147.5 3288.88 1782.24 32.52 1060.36 -1065.26 3039.92 31.79 180.32 1771.84 3676.66 33.21 6594.42 8972.88 -2772.9 29.45
2059.96 -1820.84 -86.9 32.7 11196.5 3255.56 1818.58 29.42 949.62 -1059.38 3043.08 31.92 94.08 1683.64 3556.58 33.16 6606.18 8991.5 -2695.48 29.54
1947.26 -1823.78 63.2 33.67 11115.16 3288.88 1881.78 29.58 874.16 -1022.14 2938.8 24.09 208.74 1654.24 3501.28 31.57 6599.32 9027.76 -2654.4 29.54
1997.24 -1840.44 -12.64 33.67 11157.3 3251.64 1782.24 29.69 945.7 -978.04 2902.46 23.96 171.5 1633.66 3472.84 31.55 6552.28 8973.86 -2657.56 32.83
2005.08 -1859.06 -74.26 32.46 11128.88 3247.72 1817.0 29.56 926.1 -1022.14 2949.86 31.62 132.3 1648.36 3645.06 31.46 6583.64 8972.88 -2760.26 29.62
1959.02 -1796.34 -124.82 33.67 11128.88 3262.42 1783.82 29.34 945.7 -1083.88 2900.88 31.46 195.02 1664.04 3659.28 33.19 6631.66 8968.96 -2722.34 29.45
2043.3 -1797.32 -112.18 32.41 11121.04 3250.66 1835.96 29.62 889.84 -965.3 2924.58 31.81 197.96 1686.58 3622.94 31.48 6598.34 8982.68 -2730.24 32.79
2017.82 -1853.18 -208.56 32.79 11096.54 3223.22 1922.86 29.54 1021.16 -1155.42 2905.62 31.48 174.44 1724.8 3532.88 33.16 6590.5 8936.62 -2731.82 29.34
1993.32 -1875.72 -53.72 33.5 11135.74 3234.0 1738.0 29.54 906.5 -1049.58 3035.18 24.14 129.36 1739.5 3517.08 32.99 6553.26 9024.82 -2731.82 32.94
2004.1 -1802.22 -48.98 33.69 11142.6 3213.42 1869.14 29.56 932.96 -1012.34 3068.36 24.14 130.34 1765.96 3507.6 33.12 6543.46 8939.56 -2644.92 29.45
2001.16 -1849.26 -124.82 33.76 11144.56 3213.42 1771.18 29.47 942.76 -1063.3 3098.38 24.25 98.98 1806.14 3659.28 33.01 6527.78 9065.0 -2761.84 32.81
2092.3 -1869.84 -176.96 32.59 11143.58 3233.02 1877.04 32.5 899.64 -980.98 2911.94 24.16 146.02 1740.48 3512.34 31.35 6555.22 8945.44 -2668.62 32.96
2039.38 -1922.76 -3.16 33.65 11160.24 3300.64 1956.04 32.63 946.68 -1000.58 3047.82 24.09 139.16 1775.76 3632.42 33.25 6589.52 8996.4 -2758.68 29.38
2021.74 -1783.6 58.46 33.56 11165.14 3218.32 1845.44 29.54 954.52 -1085.84 3215.3 24.27 110.74 1732.64 3659.28 33.36 6523.86 9010.12 -2640.18 29.31
1991.36 -1828.68 -158.0 33.72 11101.44 3205.58 1774.34 29.6 1047.62 -1038.8 3017.8 31.84 180.32 1732.64 3534.46 31.39 6633.62 9012.08 -2618.06 29.67
2000.18 -1835.54 -37.92 32.48 11177.88 3216.36 1861.24 29.56 974.12 -1070.16 2897.72 31.53 154.84 1647.38 3698.78 31.66 6547.38 8939.56 -2700.22 32.72
2002.14 -1785.56 -167.48 33.69 11189.64 3261.44 1821.74 29.51 1064.28 -1095.64 3002.0 31.79 151.9 1697.36 3659.28 33.25 6589.52 8945.44 -2624.38 29.36
2084.46 -1870.82 9.48 32.65 11170.04 3174.22 1880.2 29.34 898.66 -1065.26 3123.66 24.12 121.52 1754.2 3581.86 33.32 6535.62 8964.06 -2676.52 29.76
2041.34 -1855.14 -156.42 33.65 11129.86 3235.96 1865.98 29.6 886.9 -1130.92 3068.36 24.0 105.84 1705.2 3640.32 33.25 6563.06 8963.08 -2692.32 32.94
1980.58 -1862.98 -77.42 33.63 11147.5 3211.46 1801.2 29.58 1024.1 -1096.62 3093.64 31.73 160.72 1689.52 3621.36 33.34 6585.6 8945.44 -2619.64 29.71
2053.1 -1905.12 -143.78 32.7 11127.9 3290.84 1772.76 32.63 900.62 -967.26 2885.08 24.2 90.16 1738.52 3491.8 31.11 6591.48 8959.16 -2711.28 29.8
2046.24 -1852.2 -192.76 32.65 11096.54 3295.74 1752.22 32.63 893.76 -948.64 3013.06 24.18 134.26 1771.84 3561.32 31.39 6585.6 8992.48 -2777.64 29.49
2005.08 -1811.04 -69.52 33.63 11199.44 3261.44 1760.12 32.65 972.16 -949.62 2930.9 31.68 128.38 1666.98 3445.98 31.37 6615.0 8928.78 -2641.76 32.81
2072.7 -1755.18 -211.72 32.63 11088.7 3255.56 1826.48 29.47 1042.72 -1084.86 2878.76 31.59 149.94 1668.94 3641.9 31.37 6501.32 8982.68 -2649.66 33.14
2025.66 -1811.04 -105.86 32.57 11114.18 3250.66 1824.9 29.45 994.7 -1051.54 2973.56 31.7 167.58 1707.16 3536.04 31.46 6581.68 8936.62 -2774.48 29.38
2052.12 -1806.14 -205.4 33.69 11180.82 3282.02 1943.4 32.5 992.74 -929.04 2934.06 31.68 119.56 1699.32 3483.9 31.46 6574.82 8964.06 -2686.0 29.54
1940.4 -1848.28 -142.2 33.63 11150.44 3283.0 1924.44 29.36 989.8 -1044.68 3074.68 24.27 113.68 1735.58 3472.84 33.16 6586.58 8975.82 -2679.68 33.1
2046.24 -1807.12 -14.22 33.58 11114.18 3185.98 1752.22 32.57 898.66 -996.66 3098.38 24.2 167.58 1777.72 3548.68 33.23 6674.78 8891.54 -2573.82 32.92
2015.86 -1803.2 -123.24 32.54 11134.76 3214.4 1772.76 32.61 933.94 -1057.42 2918.26 24.14 95.06 1781.64 3476.0 31.62 6602.26 8965.04 -2668.62 29.6
2097.2 -1827.7 -79.0 32.37 11128.88 3343.76 1832.8 32.63 976.08 -966.28 2965.66 31.9 164.64 1692.46 3474.42 31.39 6595.4 8912.12 -2741.3 29.58
2102.1 -1822.8 -72.68 32.61 11116.14 3224.2 1916.54 32.43 905.52 -977.06 2935.64 24.27 46.06 1693.44 3415.96 31.35 6579.72 8910.16 -2629.12 33.08
2021.74 -1929.62 -99.54 32.54 11172.0 3273.2 1862.82 32.57 949.62 -1014.3 3076.26 24.23 107.8 1702.26 3553.42 33.19 6628.72 8920.94 -2727.08 32.88
1994.3 -1799.28 -153.26 32.7 11151.42 3252.62 1782.24 29.54 1005.48 -1112.3 3073.1 31.73 180.32 1769.88 3641.9 33.36 6643.42 8891.54 -2654.4 29.73
2025.66 -1807.12 -132.72 32.5 11147.5 3235.96 1785.4 29.56 985.88 -1099.56 3077.84 31.5 108.78 1716.96 3597.66 33.16 6569.92 8972.88 -2692.32 29.58
1955.1 -1793.4 -83.74 33.45 11146.52 3220.28 1851.76 29.56 955.5 -1102.5 3104.7 24.4 71.54 1784.58 3578.7 33.14 6621.86 8974.84 -2771.32 32.9
2041.34 -1805.16 -28.44 33.41 11102.42 3232.04 1892.84 32.63 888.86 -1017.24 3049.4 24.12 115.64 1733.62 3572.38 33.23 6553.26 8997.38 -2671.78 32.81
2040.36 -1837.5 -41.08 33.47 11162.2 3266.34 1854.92 29.23 844.76 -1143.66 3085.74 24.05 135.24 1789.48 3656.12 33.16 6587.56 8975.82 -2703.38 29.58
2048.2 -1909.04 -90.06 32.5 11197.48 3210.48 1821.74 29.56 1034.88 -1069.18 3120.5 31.92 148.96 1710.1 3619.78 33.21 6614.02 9001.3 -2678.1 29.47
1985.48 -1804.18 -47.4 33.27 11152.4 3212.44 1804.36 32.57 971.18 -1013.32 2948.28 31.5 179.34 1653.26 3602.4 31.42 6545.42 9044.42 -2717.6 32.94
2028.6 -1862.0 9.48 32.46 11131.82 3231.06 1809.1 29.42 1005.48 -1063.3 2989.36 31.7 169.54 1717.94 3585.02 31.24 6568.94 8893.5 -2618.06 32.83
1953.14 -1873.76 -30.02 33.38 11136.72 3222.24 1854.92 29.62 1008.42 -1112.3 2953.02 31.62 135.24 1692.46 3602.4 31.33 6648.32 9013.06 -2749.2 29.27
2027.62 -1864.94 -90.06 33.61 11181.8 3276.14 1875.46 29.6 1024.1 -1124.06 3161.58 31.77 126.42 1668.94 3575.54 33.19 6595.4 9028.74 -2630.7 29.47
1892.38 -1776.74 -61.62 32.5 11172.0 3253.6 1865.98 29.45 988.82 -1063.3 3047.82 31.68 30.38 1730.68 3591.34 33.41 6598.34 8942.5 -2655.98 32.77
1991.36 -1872.78 -104.28 32.85 11189.64 3263.4 1843.86 32.63 955.5 -1002.54 2960.92 31.57 114.66 1777.72 3520.24 31.5 6651.26 8937.6 -2602.26 32.79
2058.0 -1751.26 -183.28 32.48 11207.28 3247.72 1802.78 32.59 880.04 -952.56 3126.82 24.18 88.2 1790.46 3482.32 33.27 6637.54 8959.16 -2689.16 29.62
1970.78 -1803.2 69.52 33.38 11190.62 3298.68 1812.26 32.61 914.34 -933.94 2877.18 23.96 67.62 1692.46 3520.24 31.39 6521.9 8983.66 -2624.38 29.45
1933.54 -1766.94 -129.56 32.72 11159.26 3201.66 1976.58 32.61 873.18 -956.48 2987.78 24.14 87.22 1759.1 3512.34 31.42 6621.86 8885.66 -2668.62 32.99
2026.64 -1787.52 -18.96 33.47 11184.74 3249.68 1913.38 29.47 948.64 -1130.92 2791.86 31.73 165.62 1722.84 3556.58 31.28 6578.74 8956.22 -2539.06 33.21
2035.46 -1843.38 -83.74 32.5 11268.04 3270.26 1805.94 32.72 961.38 -994.7 2989.36 31.66 106.82 1782.62 3531.3 31.31 6582.66 9000.32 -2746.04 29.34
2046.24 -1812.02 -112.18 32.72 11189.64 3273.2 1856.5 32.68 855.54 -1019.2 2992.52 24.23 106.82 1749.3 3509.18 31.35 6607.16 8967.98 -2813.98 29.42
1988.42 -1865.92 -15.8 33.61 11166.12 3195.78 1850.18 29.67 941.78 -1081.92 3112.6 23.92 86.24 1749.3 3618.2 33.1 6671.84 8989.54 -2825.04 32.85
1993.32 -1872.78 -148.52 32.43 11188.66 3256.54 1820.16 29.6 937.86 -1134.84 3057.3 23.85 107.8 1711.08 3616.62 33.16 6568.94 9003.26 -2771.32 29.56
2045.26 -1890.42 -22.12 33.69 11195.52 3188.92 1834.38 32.7 912.38 -978.04 3180.54 24.23 63.7 1709.12 3483.9 33.21 6641.46 8960.14 -2714.44 29.51
2043.3 -1829.66 26.86 33.54 11199.44 3213.42 1908.64 32.65 947.66 -1026.06 3006.74 24.2 118.58 1783.6 3545.52 31.28 6561.1 8968.96 -2798.18 29.42
1958.04 -1866.9 -99.54 33.38 11212.18 3269.28 1869.14 32.46 980.98 -1060.36 3120.5 24.16 83.3 1787.52 3485.48 33.45 6617.94 8942.5 -2701.8 29.65
1996.26 -1786.54 28.44 33.61 11074.98 3310.44 1892.84 29.8 865.34 -1074.08 3218.46 24.18 91.14 1764.0 3558.16 33.34 6543.46 9012.08 -2619.64 32.96
2040.36 -1816.92 -110.6 32.39 11147.5 3190.88 1783.82 29.36 1008.42 -1129.94 2998.84 31.64 145.04 1684.62 3660.86 31.46 6577.76 8948.38 -2719.18 29.36
2018.8 -1874.74 -9.48 32.54 11159.26 3280.06 1812.26 29.47 996.66 -1063.3 2956.18 31.26 149.94 1677.76 3556.58 31.26 6581.68 8935.64 -2771.32 32.81
2037.42 -1809.08 -47.4 32.57 11118.1 3245.76 1745.9 29.58 1071.14 -1097.6 2983.04 31.75 96.04 1699.32 3570.8 33.27 6597.36 9009.14 -2674.94 33.12
1997.24 -1911.0 -75.84 33.45 11170.04 3159.52 1847.02 29.23 957.46 -1075.06 3188.44 24.23 100.94 1702.26 3667.18 33.45 6692.42 9010.12 -2698.64 29.54
2016.84 -1822.8 26.86 33.69 11255.3 3206.56 1766.44 29.54 1014.3 -1129.94 3057.3 24.07 84.28 1738.52 3622.94 33.43 6655.18 8936.62 -2758.68 29.25
2057.02 -1882.58 -28.44 32.52 11206.3 3222.24 1848.6 32.83 944.72 -1032.92 3122.08 24.38 76.44 1715.0 3548.68 33.25 6594.42 8944.46 -2627.54 29.31
2063.88 -1764.0 -164.32 32.85 11175.92 3260.46 1798.04 29.58 916.3 -1110.34 3054.14 24.2 144.06 1714.02 3573.96 33.47 6568.94 8939.56 -2654.4 29.56
2042.32 -1829.66 -129.56 32.43 11184.74 3267.32 1775.92 29.54 1029.98 -1117.2 3141.04 24.07 150.92 1659.14 3706.68 33.32 6578.74 9067.94 -2777.64 29.47
1990.38 -1793.4 -30.02 33.65 11223.94 3218.32 1807.52 29.58 963.34 -1137.78 3128.4 24.34 125.44 1699.32 3692.46 33.41 6535.62 8972.88 -2772.9 33.05
2057.02 -1905.12 -28.44 32.68 11206.3 3221.26 1894.42 29.58 947.66 -1046.64 3028.86 23.92 64.68 1782.62 3558.16 33.21 6561.1 9015.02 -2632.28 32.96
2013.9 -1803.2 72.68 32.59 11188.66 3200.68 1731.68 29.58 872.2 -1051.54 3071.52 24.16 36.26 1713.04 3585.02 33.23 6493.48 8974.84 -2709.7 29.58
2035.46 -1801.24 -112.18 32.68 11237.66 3241.84 1753.8 29.54 934.92 -1055.46 3043.08 24.25 146.02 1720.88 3603.98 33.25 6627.74 8878.8 -2758.68 29.51
2016.84 -1877.68 -109.02 32.54 11216.1 3163.44 1775.92 32.7 1014.3 -1002.54 2948.28 31.37 87.22 1724.8 3463.36 31.33 6554.24 8963.08 -2765.0 32.88
2038.4 -1831.62 -90.06 32.5 11242.56 3248.7 1824.9 32.59 981.96 -1054.48 2945.12 31.9 131.32 1737.54 3509.18 31.42 6614.02 8944.46 -2646.5 29.38
1991.36 -1773.8 23.7 33.63 11295.48 3235.96 1689.02 32.65 986.86 -1034.88 3043.08 31.9 90.16 1772.82 3646.64 31.55 6557.18 8935.64 -2701.8 29.42
2016.84 -1828.68 -41.08 32.65 11260.2 3234.98 1796.46 29.6 970.2 -1064.28 3049.4 24.18 159.74 1718.92 3619.78 33.5 6558.16 8918.98 -2755.52 29.54
1983.52 -1773.8 -37.92 33.89 11195.52 3228.12 1791.72 32.57 1097.6 -1056.44 2997.26 31.55 42.14 1673.84 3618.2 31.48 6568.94 8962.1 -2652.82 29.54
2013.9 -1782.62 -55.3 33.58 11219.04 3245.76 1766.44 32.57 972.16 -1013.32 2975.14 31.81 161.7 1652.28 3479.16 31.48 6572.86 8924.86 -2801.34 32.94
2072.7 -1891.4 -39.5 32.57 11229.82 3253.6 1815.42 29.42 911.4 -933.94 2971.98 24.31 24.5 1758.12 3513.92 33.27 6617.94 8899.38 -2674.94 29.49
2040.36 -1744.4 -63.2 33.61 11223.94 3198.72 1772.76 32.81 916.3 -964.32 2953.02 31.77 168.56 1787.52 3474.42 31.5 6543.46 8981.7 -2736.56 29.2
1976.66 -1843.38 -124.82 32.61 11224.92 3229.1 1826.48 32.54 950.6 -890.82 2984.62 31.62 94.08 1741.46 3591.34 31.28 6546.4 8919.96 -2679.68 32.9
2009.98 -1835.54 -45.82 33.5 11187.68 3279.08 1728.52 32.63 1024.1 -1053.5 3087.32 31.46 128.38 1766.94 3667.18 31.28 6615.98 8946.42 -2682.84 32.96
2013.9 -1739.5 -53.72 32.39 11174.94 3206.56 1812.26 32.63 976.08 -1048.6 2953.02 31.7 113.68 1778.7 3411.22 31.33 6600.3 9000.32 -2807.66 33.05
1985.48 -1735.58 -153.26 33.58 11193.56 3206.56 1831.22 32.63 1071.14 -973.14 2872.44 31.53 29.4 1790.46 3499.7 31.57 6569.92 8874.88 -2750.78 29.49
2079.56 -1825.74 -71.1 32.54 11132.8 3201.66 1777.5 29.58 984.9 -1079.96 3114.18 24.27 75.46 1723.82 3622.94 33.38 6592.46 8938.58 -2605.42 32.9
1994.3 -1801.24 -101.12 33.72 11161.22 3244.78 1869.14 29.36 912.38 -977.06 3016.22 24.2 18.62 1792.42 3529.72 33.03 6607.16 8944.46 -2649.66 29.54
2075.64 -1811.04 -170.64 32.48 11142.6 3272.22 1745.9 29.58 964.32 -1014.3 3016.22 24.31 25.48 1763.02 3559.74 33.43 6627.74 8867.04 -2738.14 29.54
2008.02 -1804.18 -91.64 33.38 11145.54 3267.32 1824.9 32.72 978.04 -968.24 2946.7 31.62 86.24 1785.56 3528.14 31.33 6653.22 8891.54 -2744.46 29.31
2031.54 -1828.68 -121.66 32.61 11063.22 3291.82 1812.26 29.6 922.18 -931.0 2894.56 24.16 75.46 1770.86 3488.64 33.16 6568.94 8918.98 -2682.84 29.42
2026.64 -1797.32 -66.36 32.57 11189.64 3222.24 1780.66 29.47 872.2 -1008.42 3017.8 24.27 77.42 1725.78 3520.24 33.23 6544.44 8903.3 -2744.46 32.83
1895.32 -1759.1 -31.6 33.34 11277.84 3301.62 1848.6 32.7 1030.96 -1084.86 3060.46 31.75 96.04 1738.52 3592.92 31.24 6603.24 8874.88 -2741.3 29.49
1910.02 -1707.16 -110.6 33.45 11221.0 3183.04 1823.32 32.54 976.08 -1002.54 3052.56 31.55 88.2 1779.68 3577.12 31.31 6608.14 8978.76 -2692.32 32.74
2025.66 -1789.48 -235.42 32.79 11145.54 3178.14 1817.0 32.7 1035.86 -1046.64 3019.38 31.64 101.92 1695.4 3528.14 31.28 6642.44 8916.04 -2670.2 29.34
2020.76 -1865.92 -28.44 33.52 11134.76 3202.64 1850.18 29.49 938.84 -1028.02 3104.7 24.23 25.48 1798.3 3599.24 33.21 6591.48 8930.74 -2663.88 29.58
1963.92 -1826.72 -118.5 33.38 11139.66 3208.52 1820.16 29.6 921.2 -1130.92 3028.86 24.14 14.7 1771.84 3498.12 33.19 6615.0 8896.44 -2657.56 32.9
2004.1 -1753.22 -28.44 33.74 11181.8 3194.8 1777.5 32.68 1013.32 -1056.44 3112.6 31.66 147.0 1682.66 3592.92 31.35 6597.36 9006.2 -2749.2 29.58
1990.38 -1834.56 -52.14 32.48 11206.3 3251.64 1810.68 32.61 985.88 -908.46 2872.44 31.75 126.42 1705.2 3453.88 31.5 6606.18 8871.94 -2714.44 32.88
2040.36 -1722.84 -109.02 33.52 11169.06 3202.64 1837.54 32.59 1002.54 -963.34 2994.1 31.62 13.72 1763.02 3498.12 31.31 6535.62 8931.72 -2711.28 29.49
2034.48 -1762.04 -105.86 33.61 11218.06 3227.14 1922.86 32.57 992.74 -1097.6 2973.56 31.46 98.0 1718.92 3417.54 31.55 6614.02 8896.44 -2682.84 29.56
1992.34 -1878.66 -63.2 32.59 11160.24 3252.62 1888.1 32.57 969.22 -1069.18 3050.98 31.77 86.24 1736.56 3532.88 31.46 6562.08 8927.8 -2812.4 33.21
1961.96 -1764.98 -77.42 33.41 11138.68 3149.72 1940.24 32.59 1054.48 -1035.86 2897.72 31.66 101.92 1665.02 3468.1 31.64 6640.48 8845.48 -2747.62 29.65
1983.52 -1727.74 -116.92 33.5 11238.64 3217.34 1877.04 32.57 921.2 -1012.34 2864.54 31.35 72.52 1784.58 3521.82 31.44 6614.02 8880.76 -2717.6 29.67
1958.04 -1791.44 -71.1 33.56 11204.34 3199.7 1867.56 29.47 929.04 -979.02 3081.0 24.07 39.2 1756.16 3627.68 33.27 6585.6 8946.42 -2739.72 29.58
2058.0 -1773.8 -129.56 33.45 11227.86 3242.82 1752.22 29.58 892.78 -934.92 2935.64 24.2 60.76 1776.74 3534.46 33.14 6623.82 8945.44 -2655.98 32.77
1929.62 -1736.56 -71.1 32.59 11275.88 3204.6 1834.38 29.56 980.0 -971.18 2978.3 24.38 -40.18 1770.86 3499.7 33.25 6563.06 8945.44 -2736.56 29.56
2015.86 -1831.62 -4.74 33.52 11246.48 3182.06 1924.44 32.5 957.46 -1046.64 2894.56 31.64 139.16 1728.72 3506.02 31.44 6623.82 8945.44 -2719.18 29.51
1949.22 -1714.02 -154.84 33.56 11213.16 3199.7 1865.98 32.68 1011.36 -986.86 2837.68 31.48 55.86 1736.56 3589.76 31.66 6606.18 8896.44 -2750.78 32.99
1981.56 -1789.48 -9.48 33.67 11181.8 3259.48 1779.08 29.47 931.0 -923.16 3073.1 24.27 32.34 1720.88 3569.22 33.34 6555.22 8888.6 -2641.76 32.81
1998.22 -1758.12 -71.1 33.74 11208.26 3176.18 1839.12 32.68 996.66 -1072.12 3082.58 31.11 77.42 1728.72 3575.54 31.62 6559.14 8926.82 -2583.3 29.51
2052.12 -1842.4 -105.86 32.43 11218.06 3275.16 1771.18 29.56 1006.46 -959.42 3028.86 24.16 -43.12 1761.06 3512.34 33.47 6599.32 8872.92 -2802.92 29.4
1988.42 -1832.6 -47.4 33.67 11240.6 3263.4 1842.28 29.58 904.54 -1047.62 3079.42 24.29 -1.96 1761.06 3551.84 33.32 6615.0 8911.14 -2807.66 32.83
2031.54 -1852.2 0.0 32.48 11260.2 3245.76 1832.8 29.54 906.5 -937.86 2984.62 24.14 -18.62 1782.62 3412.8 33.21 6655.18 8962.1 -2690.74 32.96
1952.16 -1832.6 -50.56 33.58 11342.52 3200.68 1824.9 29.67 980.98 -969.22 3046.24 24.05 61.74 1821.82 3626.1 33.32 6608.14 8954.26 -2777.64 29.56
2048.2 -1777.72 -67.94 33.27 11216.1 3306.52 1755.38 29.45 872.2 -1083.88 3131.56 24.2 0.0 1640.52 3675.08 33.45 6600.3 8866.06 -2690.74 29.31
2041.34 -1806.14 -37.92 32.68 11211.2 3321.22 1834.38 32.52 981.96 -994.7 2926.16 31.75 50.96 1676.78 3493.38 31.46 6586.58 9009.14 -2782.38 29.56
1984.5 -1776.74 -64.78 33.58 11224.92 3254.58 1801.2 32.61 968.24 -1025.08 2929.32 31.68 101.92 1684.62 3586.6 31.48 6523.86 8868.02 -2693.9 33.19
2016.84 -1721.86 -31.6 32.59 11248.44 3222.24 1880.2 32.5 988.82 -1038.8 3014.64 31.39 108.78 1672.86 3575.54 31.22 6658.12 8888.6 -2678.1 29.4
2019.78 -1818.88 -80.58 32.63 11213.16 3247.72 1753.8 29.4 1011.36 -1001.56 3019.38 24.12 67.62 1722.84 3657.7 33.41 6646.36 8899.38 -2776.06 29.67
1989.4 -1736.56 -44.24 33.65 11310.18 3272.22 1779.08 32.63 1015.28 -1072.12 3052.56 31.62 129.36 1713.04 3596.08 31.44 6594.42 8918.0 -2635.44 33.01
1988.42 -1723.82 -90.06 33.69 11248.44 3215.38 1873.88 29.65 898.66 -944.72 2855.06 24.18 72.52 1840.44 3427.02 33.12 6569.92 8909.18 -2704.96 29.73
2126.6 -1789.48 -25.28 33.61 11185.72 3216.36 1785.4 29.62 911.4 -918.26 2855.06 31.59 -12.74 1831.62 3588.18 33.19 6612.06 8887.62 -2738.14 33.16
1994.3 -1765.96 -123.24 33.72 11205.32 3245.76 1804.36 29.56 948.64 -943.74 2911.94 31.66 14.7 1763.02 3550.26 33.25 6560.12 8880.76 -2840.84 29.51
2036.44 -1830.64 -118.5 32.54 11254.32 3256.54 1749.06 29.31 1020.18 -1011.36 2995.68 31.77 40.18 1782.62 3387.52 31.44 6533.66 8931.72 -2674.94 29.56
1978.62 -1699.32 -45.82 33.47 11238.64 3250.66 1903.9 32.65 1020.18 -989.8 3101.54 31.66 94.08 1721.86 3438.08 31.46 6547.38 8906.24 -2799.76 32.9
1998.22 -1714.02 -102.7 33.65 11221.98 3226.16 1842.28 29.49 1046.64 -1100.54 2949.86 31.55 25.48 1808.1 3468.1 31.44 6620.88 8920.94 -2772.9 29.69
2037.42 -1749.3 -142.2 32.54 11257.26 3234.98 1687.44 29.45 1029.98 -926.1 2861.38 31.53 -9.8 1778.7 3463.36 33.27 6624.8 8922.9 -2629.12 29.56
1956.08 -1745.38 -116.92 33.56 11199.44 3325.14 1861.24 32.68 867.3 -987.84 2986.2 24.09 23.52 1758.12 3521.82 33.08 6541.5 8933.68 -2771.32 29.47
1992.34 -1749.3 -96.38 32.57 11204.34 3207.54 1834.38 29.51 901.6 -958.44 2994.1 24.09 86.24 1791.44 3564.48 33.01 6586.58 8942.5 -2821.88 33.14
2037.42 -1798.3 -44.24 32.59 11224.92 3279.08 1839.12 29.62 954.52 -975.1 2858.22 24.2 84.28 1738.52 3616.62 33.25 6631.66 8904.28 -2633.86 29.54
1973.72 -1692.46 -137.46 33.3 11269.02 3233.02 1756.96 29.58 1014.3 -1046.64 2913.52 31.77 128.38 1814.96 3536.04 31.75 6611.08 8978.76 -2670.2 29.56
1982.54 -1720.88 -180.12 32.65 11221.0 3281.04 1835.96 29.42 1024.1 -1008.42 2940.38 31.46 96.04 1733.62 3466.52 33.25 6577.76 8936.62 -2646.5 33.16
2009.0 -1734.6 -37.92 32.74 11207.28 3247.72 1707.98 29.31 932.96 -979.02 2907.2 24.31 -4.9 1800.26 3626.1 33.05 6566.0 8979.74 -2733.4 29.58
2002.14 -1802.22 -41.08 33.56 11171.02 3308.48 1804.36 32.59 971.18 -1025.08 2967.24 31.57 97.02 1727.74 3445.98 31.24 6582.66 8917.02 -2652.82 29.38
2092.3 -1807.12 -180.12 32.74 11211.2 3250.66 1794.88 32.65 940.8 -1053.5 3085.74 24.34 106.82 1736.56 3577.12 31.37 6585.6 8967.0 -2698.64 29.62
2075.64 -1792.42 -47.4 33.67 11241.58 3337.88 1790.14 32.61 932.96 -1057.42 3028.86 24.16 117.6 1757.14 3483.9 31.48 6555.22 8934.66 -2782.38 32.94
2051.14 -1843.38 -145.36 32.9 11210.22 3300.64 1758.54 29.54 897.68 -924.14 3013.06 24.34 105.84 1766.94 3622.94 33.14 6630.68 8949.36 -2693.9 32.99
2068.78 -1813.98 -93.22 32.54 11066.16 3259.48 1779.08 32.57 947.66 -1021.16 3016.22 24.25 119.56 1773.8 3611.88 33.27 6567.96 8902.32 -2744.46 29.71
1917.86 -1796.34 37.92 33.72 11116.14 3229.1 1786.98 32.63 941.78 -1034.88 3054.14 24.29 116.62 1705.2 3555.0 31.64 6615.0 8891.54 -2686.0 29.42
2076.62 -1827.7 -91.64 33.34 11139.66 3220.28 1883.36 29.36 989.8 -1109.36 2946.7 31.75 97.02 1751.26 3548.68 31.33 6597.36 8951.32 -2662.3 29.58
1973.72 -1744.4 -159.58 33.56 11111.24 3298.68 1881.78 29.54 1014.3 -997.64 2861.38 31.62 77.42 1757.14 3425.44 31.39 6553.26 8910.16 -2736.56 32.88
2038.4 -1845.34 31.6 32.79 11017.16 3234.98 1907.06 29.65 959.42 -1039.78 2979.88 31.64 64.68 1822.8 3442.82 31.5 6594.42 8903.3 -2701.8 29.58
2012.92 -1733.62 -173.8 33.56 10965.22 3237.92 1856.5 32.63 953.54 -1008.42 3101.54 24.25 104.86 1692.46 3578.7 31.44 6569.92 8937.6 -2747.62 29.31
2004.1 -1797.32 -107.44 32.39 10979.92 3229.1 1865.98 32.7 972.16 -1101.52 3036.76 31.75 113.68 1740.48 3476.0 31.31 6635.58 8968.96 -2643.34 33.01
2096.22 -1754.2 -58.46 32.48 11070.08 3315.34 1918.12 29.58 1004.5 -1082.9 2847.16 31.66 49.0 1763.02 3506.02 31.28 6619.9 8919.96 -2777.64 32.83
1965.88 -1762.04 -86.9 33.65 11042.64 3279.08 1875.46 29.49 907.48 -984.9 3024.12 23.96 63.7 1761.06 3591.34 33.34 6578.74 8989.54 -2681.26 29.51
2038.4 -1843.38 -127.98 33.32 11148.48 3264.38 1812.26 29.58 987.84 -930.02 2968.82 31.55 31.36 1749.3 3534.46 33.36 6615.0 8914.08 -2787.12 29.54
1948.24 -1830.64 -143.78 33.63 11018.14 3228.12 1856.5 29.58 988.82 -985.88 2905.62 31.81 134.26 1711.08 3480.74 33.23 6567.96 8863.12 -2734.98 32.94
2012.92 -1833.58 14.22 32.9 10936.8 3269.28 1861.24 32.5 1012.34 -1043.7 3033.6 31.26 147.98 1729.7 3504.44 31.42 6661.06 8956.22 -2733.4 33.14
1990.38 -1798.3 -161.16 32.63 10772.16 3215.38 1810.68 29.45 980.98 -984.9 2953.02 31.77 122.5 1670.9 3556.58 33.23 6621.86 8930.74 -2728.66 29.8
1972.74 -1742.44 -140.62 32.7 10933.86 3222.24 1796.46 29.49 882.0 -961.38 2970.4 24.2 91.14 1708.14 3501.28 33.34 6578.74 8920.94 -2787.12 29.6
1993.32 -1809.08 -101.12 33.52 10991.68 3202.64 1835.96 32.52 905.52 -1095.64 2907.2 24.49 132.3 1689.52 3562.9 31.66 6559.14 8984.64 -2622.8 33.12
2028.6 -1813.0 -67.94 32.59 10946.6 3172.26 1859.66 32.5 865.34 -1007.44 3122.08 24.2 43.12 1760.08 3597.66 33.52 6538.56 8858.22 -2799.76 32.92
2001.16 -1736.56 -139.04 33.69 11022.06 3132.08 1941.82 32.59 881.02 -996.66 3081.0 24.2 57.82 1673.84 3596.08 33.16 6644.4 8922.9 -2741.3 29.58
2007.04 -1859.06 60.04 33.74 11032.84 3211.46 1877.04 29.27 1036.84 -931.0 3002.0 31.53 54.88 1769.88 3564.48 33.23 6632.64 8936.62 -2736.56 29.54
1953.14 -1828.68 -9.48 33.47 10962.28 3165.4 1858.08 29.58 948.64 -1005.48 2938.8 24.16 64.68 1761.06 3709.84 33.38 6616.96 8905.26 -2676.52 33.23
2064.86 -1851.22 -39.5 32.7 10960.32 3253.6 1875.46 32.57 869.26 -994.7 3117.34 24.16 76.44 1698.34 3534.46 33.21 6610.1 8970.92 -2700.22 33.23
1974.7 -1816.92 -158.0 33.72 10994.62 3195.78 1677.96 29.54 920.22 -1084.86 2943.54 31.44 107.8 1778.7 3395.42 31.55 6594.42 8962.1 -2655.98 29.65
2046.24 -1787.52 -9.48 32.57 11018.14 3203.62 1783.82 32.81 1059.38 -1127.0 3111.02 31.62 140.14 1736.56 3509.18 31.7 6538.56 8963.08 -2708.12 29.65
2022.72 -1810.06 -7.9 33.61 11044.6 3173.24 1872.3 32.79 1026.06 -1066.24 3106.28 31.59 123.48 1679.72 3588.18 31.37 6654.2 8967.98 -2681.26 32.94
2148.16 -1824.76 -37.92 32.68 11087.72 3119.34 1853.34 32.79 867.3 -1067.22 3104.7 24.45 115.64 1678.74 3616.62 33.34 6594.42 8927.8 -2670.2 32.85
1992.34 -1801.24 -48.98 33.45 11092.62 3136.0 1948.14 32.7 884.94 -1054.48 3079.42 24.25 161.7 1656.2 3687.72 31.5 6553.26 8972.88 -2711.28 29.45
2011.94 -1809.08 -107.44 32.96 11050.48 3159.52 1840.7 29.49 962.36 -1073.1 2997.26 31.59 182.28 1741.46 3547.1 31.42 6615.0 8991.5 -2698.64 29.67
1994.3 -1800.26 22.12 32.68 11039.7 3224.2 1761.7 29.4 1020.18 -1009.4 3002.0 31.64 77.42 1764.0 3543.94 33.38 6602.26 8935.64 -2698.64 32.88
2007.04 -1816.92 -97.96 32.72 11003.44 3141.88 1799.62 29.6 997.64 -974.12 2915.1 31.7 126.42 1743.42 3607.14 33.36 6600.3 8947.4 -2644.92 29.54
1957.06 -1794.38 -101.12 33.56 11070.08 3174.22 1832.8 29.51 998.62 -1087.8 3022.54 31.73 124.46 1811.04 3621.36 31.55 6630.68 8900.36 -2678.1 29.51
2038.4 -1809.08 -30.02 32.63 11053.42 3165.4 1829.64 32.79 1041.74 -1017.24 3022.54 31.68 138.18 1685.6 3551.84 31.46 6582.66 8968.96 -2681.26 29.8
2041.34 -1865.92 31.6 33.56 11125.94 3169.32 1796.46 29.56 1022.14 -1076.04 3032.02 31.48 85.26 1705.2 3573.96 31.48 6624.8 8979.74 -2730.24 29.54
1994.3 -1871.8 -102.7 32.59 10998.54 3195.78 1730.1 29.51 946.68 -969.22 2973.56 31.68 68.6 1791.44 3469.68 33.38 6613.04 8966.02 -2652.82 32.88
2070.74 -1759.1 -132.72 32.52 10993.64 3210.48 1766.44 32.63 910.42 -950.6 3074.68 24.09 120.54 1679.72 3553.42 33.03 6604.22 8940.54 -2681.26 29.56
2043.3 -1868.86 -85.32 32.7 10976.98 3253.6 1779.08 29.54 912.38 -1038.8 2911.94 24.18 67.62 1725.78 3504.44 33.32 6594.42 8960.14 -2717.6 29.45
2000.18 -1798.3 26.86 32.52 10976.0 3217.34 1722.2 29.47 962.36 -1001.56 2964.08 24.45 92.12 1801.24 3550.26 33.34 6607.16 8934.66 -2744.46 33.05
2028.6 -1768.9 -167.48 32.52 10985.8 3256.54 1701.66 29.58 978.04 -1047.62 2886.66 31.55 40.18 1736.56 3635.58 31.73 6617.94 8974.84 -2667.04 32.94
2020.76 -1784.58 -208.56 32.54 10962.28 3215.38 1786.98 29.58 967.26 -1002.54 2938.8 31.73 77.42 1764.0 3415.96 33.36 6631.66 8883.7 -2742.88 29.54
2034.48 -1885.52 -181.7 32.54 10958.36 3136.98 1750.64 29.45 914.34 -1061.34 3024.12 31.95 47.04 1774.78 3585.02 33.38 6613.04 9011.1 -2581.72 29.49
2083.48 -1815.94 -118.5 32.68 10903.48 3185.0 1734.84 32.68 973.14 -992.74 2872.44 24.29 72.52 1707.16 3599.24 33.43 6609.12 8933.68 -2652.82 29.54
2038.4 -1858.08 -75.84 33.47 10998.54 3199.7 1734.84 32.92 1015.28 -997.64 2971.98 31.86 99.96 1795.36 3543.94 33.25 6484.66 8991.5 -2720.76 32.72
2018.8 -1830.64 -44.24 33.67 10968.16 3193.82 1636.88 32.65 1036.84 -1112.3 2896.14 31.66 44.1 1778.7 3488.64 33.3 6575.8 8954.26 -2652.82 33.16
2129.54 -1817.9 -91.64 33.63 10928.96 3206.56 1674.8 29.58 976.08 -998.62 3020.96 31.75 59.78 1818.88 3529.72 31.55 6557.18 8923.88 -2616.48 32.92
2032.52 -1893.36 -121.66 33.61 11020.1 3233.02 1734.84 32.61 1009.4 -1091.72 2923.0 31.64 51.94 1712.06 3532.88 33.36 6527.78 8976.8 -2714.44 32.74
2030.56 -1816.92 80.58 32.54 11024.02 3263.4 1726.94 32.88 886.9 -1018.22 2902.46 24.16 150.92 1698.34 3602.4 33.38 6534.64 8923.88 -2717.6 32.83
2043.3 -1745.38 -93.22 32.61 10999.52 3233.02 1711.14 29.47 914.34 -978.04 3063.62 24.31 124.46 1687.56 3648.22 31.37 6557.18 8949.36 -2739.72 33.08
2046.24 -1780.66 -60.04 32.54 11072.04 3290.84 1714.3 29.47 984.9 -1011.36 2989.36 24.29 100.94 1687.56 3532.88 31.57 6611.08 8995.42 -2723.92 29.34
2038.4 -1842.4 -72.68 32.41 11075.96 3245.76 1739.58 32.72 912.38 -928.06 2840.84 24.29 118.58 1719.9 3551.84 33.3 6605.2 8955.24 -2709.7 29.56
2009.0 -1823.78 -94.8 33.74 11086.74 3294.76 1728.52 32.85 948.64 -1005.48 2891.4 31.55 58.8 1772.82 3626.1 33.36 6596.38 8937.6 -2690.74 33.14
1985.48 -1814.96 -123.24 32.7 11089.68 3308.48 1693.76 32.7 922.18 -1049.58 3000.42 24.09 59.78 1746.36 3556.58 33.21 6609.12 8931.72 -2679.68 29.54
1978.62 -1841.42 34.76 33.61 11004.42 3211.46 1766.44 29.58 933.94 -960.4 3129.98 24.09 147.0 1666.98 3572.38 31.64 6604.22 8922.9 -2687.58 32.99
2056.04 -1849.26 -123.24 32.83 11048.52 3263.4 1646.36 29.29 980.0 -1103.48 3136.3 31.77 85.26 1812.02 3455.46 31.26 6644.4 8997.38 -2700.22 29.67
2010.96 -1833.58 -22.12 33.67 11102.42 3332.98 1733.26 29.4 973.14 -1081.92 3066.78 31.68 96.04 1743.42 3431.76 31.28 6594.42 8949.36 -2646.5 32.83
2024.68 -1785.56 -109.02 33.65 11105.36 3285.94 1649.52 29.58 909.44 -1107.4 3098.38 24.16 160.72 1781.64 3564.48 31.42 6588.54 8910.16 -2757.1 33.01
2030.56 -1873.76 52.14 33.43 11105.36 3297.7 1643.2 29.58 919.24 -994.7 3082.58 24.12 93.1 1704.22 3506.02 31.5 6615.0 8966.02 -2651.24 29.45
2043.3 -1846.32 11.06 32.65 11044.6 3277.12 1679.54 29.56 975.1 -953.54 3077.84 24.4 142.1 1703.24 3643.48 31.37 6571.88 8972.88 -2687.58 32.9
2007.04 -1838.48 -124.82 32.81 11030.88 3222.24 1610.02 29.42 989.8 -988.82 2998.84 24.18 141.12 1724.8 3531.3 31.39 6612.06 8905.26 -2698.64 29.54
2047.22 -1875.72 -15.8 32.48 11077.92 3277.12 1685.86 32.65 1014.3 -1132.88 2978.3 31.55 119.56 1706.18 3580.28 33.16 6614.02 8946.42 -2712.86 32.88
1977.64 -1799.28 -12.64 33.67 11011.28 3283.0 1730.1 32.61 982.94 -1049.58 2976.72 31.81 42.14 1750.28 3453.88 33.27 6598.34 8942.5 -2717.6 29.49
1961.96 -1738.52 -167.48 33.56 11052.44 3272.22 1758.54 32.63 999.6 -1106.42 2957.76 31.66 79.38 1722.84 3442.82 33.36 6635.58 8984.64 -2695.48 32.83
2071.72 -1863.96 7.9 33.61 11121.04 3213.42 1745.9 29.62 888.86 -1106.42 3063.62 24.31 159.74 1715.0 3534.46 31.26 6610.1 8990.52 -2727.08 33.01
2042.32 -1871.8 15.8 32.54 11076.94 3309.46 1791.72 29.49 985.88 -1091.72 3092.06 31.66 163.66 1775.76 3545.52 31.31 6573.84 8969.94 -2744.46 29.65
2025.66 -1819.86 -112.18 32.65 11019.12 3331.02 1970.26 32.54 1007.44 -1003.52 2899.3 31.57 88.2 1715.0 3592.92 33.32 6617.94 8981.7 -2599.1 29.49
1941.38 -1814.96 -129.56 33.63 11108.3 3347.68 1930.76 32.81 927.08 -994.7 3000.42 24.14 84.28 1729.7 3558.16 33.43 6571.88 8980.72 -2734.98 29.6
1989.4 -1791.44 -165.9 32.77 11046.56 3278.1 1954.46 32.57 931.98 -1003.52 2979.88 24.14 121.52 1676.78 3659.28 33.19 6585.6 8858.22 -2747.62 32.9
2033.5 -1817.9 -80.58 33.72 11085.76 3276.14 1965.52 32.96 995.68 -1015.28 2987.78 31.81 75.46 1739.5 3531.3 33.3 6646.36 8946.42 -2641.76 33.01
1992.34 -1754.2 -202.24 33.65 11076.94 3201.66 2017.66 32.48 987.84 -1060.36 2888.24 31.62 97.02 1749.3 3472.84 33.38 6602.26 9005.22 -2817.14 29.67
1950.2 -1786.54 -33.18 32.54 11148.48 3223.22 2039.78 32.79 991.76 -1043.7 2959.34 31.57 72.52 1737.54 3510.76 33.45 6612.06 8941.52 -2730.24 32.83
1949.22 -1758.12 -88.48 33.54 11073.02 3249.68 1963.94 32.63 926.1 -967.26 2858.22 24.23 121.52 1725.78 3556.58 33.27 6566.98 8919.96 -2674.94 32.88
1975.68 -1804.18 -28.44 33.67 11148.48 3276.14 1896.0 29.58 893.76 -1129.94 3084.16 24.2 166.6 1689.52 3581.86 31.28 6634.6 8951.32 -2731.82 33.03
2039.38 -1801.24 -188.02 32.81 11093.6 3157.56 1897.58 29.54 953.54 -1090.74 3084.16 24.29 75.46 1728.72 3507.6 31.39 6611.08 8932.7 -2782.38 29.42
2063.88 -1855.14 23.7 32.59 11197.48 3164.42 2016.08 29.51 951.58 -1005.48 3106.28 24.16 148.96 1681.68 3509.18 31.57 6606.18 8899.38 -2693.9 32.9
2031.54 -1784.58 -101.12 33.67 11234.72 3154.62 2109.3 32.65 948.64 -947.66 2772.9 24.18 35.28 1738.52 3569.22 33.25 6590.5 8967.98 -2785.54 32.74
2012.92 -1768.9 -61.62 33.54 11249.42 3150.7 2079.28 32.83 980.98 -995.68 2892.98 24.34 27.44 1715.98 3596.08 33.19 6565.02 9006.2 -2711.28 29.45
2046.24 -1827.7 -15.8 32.65 11203.36 3184.02 1907.06 29.6 899.64 -1055.46 3082.58 24.25 118.58 1698.34 3553.42 31.37 6630.68 8923.88 -2640.18 29.45
2015.86 -1802.22 -77.42 32.92 11117.12 3210.48 1926.02 29.56 973.14 -1024.1 3088.9 31.55 49.98 1759.1 3564.48 31.48 6622.84 8904.28 -2769.74 29.51
2010.96 -1819.86 -1.58 32.46 11202.38 3145.8 1954.46 29.62 977.06 -1052.52 2989.36 31.31 42.14 1780.66 3542.36 31.48 6547.38 8967.0 -2739.72 32.85
1996.26 -1735.58 -15.8 33.67 11288.62 3098.76 1971.84 29.56 1019.2 -1050.56 3088.9 31.73 19.6 1771.84 3542.36 31.55 6580.7 8968.96 -2640.18 29.67
2054.08 -1854.16 -156.42 32.79 11328.8 3119.34 1943.4 29.69 893.76 -1015.28 3153.68 24.29 51.94 1709.12 3667.18 31.42 6605.2 8923.88 -2766.58 29.73
2024.68 -1804.18 -42.66 33.67 11325.86 3092.88 2008.18 29.58 919.24 -1047.62 3103.12 24.0 75.46 1727.74 3485.48 31.48 6588.54 8959.16 -2663.88 32.81
2071.72 -1807.12 4.74 33.74 11162.2 3247.72 1842.28 29.51 1014.3 -1083.88 3054.14 31.57 99.96 1756.16 3452.3 31.48 6608.14 8916.04 -2665.46 32.94
2030.56 -1880.62 1.58 32.52 11178.86 3236.94 1847.02 32.63 988.82 -1008.42 2960.92 31.64 52.92 1726.76 3545.52 33.25 6658.12 8922.9 -2665.46 33.03
1970.78 -1773.8 4.74 33.76 11122.02 3241.84 1801.2 32.65 978.04 -1027.04 2954.6 31.79 58.8 1730.68 3512.34 33.3 6549.34 8962.1 -2744.46 29.45
2071.72 -1867.88 -69.52 32.72 11153.38 3179.12 1918.12 32.65 998.62 -961.38 2902.46 31.68 106.82 1742.44 3589.76 33.34 6557.18 8973.86 -2777.64 32.81
1940.4 -1851.22 -53.72 33.61 11181.8 3247.72 1902.32 29.51 973.14 -1125.04 3082.58 31.73 81.34 1751.26 3528.14 31.42 6622.84 8957.2 -2693.9 32.81
1961.96 -1795.36 -156.42 33.63 11176.9 3224.2 1913.38 32.7 988.82 -1141.7 2935.64 31.81 19.6 1756.16 3523.4 33.38 6625.78 8956.22 -2744.46 29.4
2010.96 -1841.42 -18.96 32.7 11059.3 3290.84 1926.02 32.61 1001.56 -990.78 3003.58 31.75 83.3 1794.38 3580.28 33.16 6602.26 8971.9 -2695.48 29.54
2028.6 -1799.28 -169.06 32.61 11151.42 3237.92 1903.9 29.56 839.86 -974.12 3118.92 24.4 108.78 1677.76 3507.6 31.37 6615.0 9027.76 -2761.84 33.01
2044.28 -1844.36 -47.4 33.67 11070.08 3265.36 1889.68 29.47 889.84 -997.64 3071.52 24.29 180.32 1673.84 3591.34 31.26 6615.98 8957.2 -2706.54 32.74
2065.84 -1880.62 -150.1 32.41 11101.44 3279.08 1913.38 32.77 880.04 -975.1 2971.98 24.45 120.54 1671.88 3692.46 33.23 6612.06 8974.84 -2638.6 29.76
2024.68 -1843.38 -120.08 32.63 11061.26 3220.28 1861.24 32.65 987.84 -1029.0 2929.32 31.31 72.52 1756.16 3591.34 33.16 6572.86 8984.64 -2711.28 29.49
2037.42 -1830.64 -23.7 32.72 11112.22 3238.9 1799.62 32.72 930.02 -976.08 2973.56 24.31 76.44 1710.1 3671.92 33.45 6664.98 8940.54 -2700.22 32.63
