89.1 -11.7 -30.98 34.73 1729.5 46.2 -82.04 33.58 -39.15 26.1 -39.69 32.57 7.2 58.65 -39.69 32.43 727.05 1054.2 -749.23 34.0
89.7 -15.45 -37.51 34.71 1724.7 44.25 -82.52 33.81 -35.4 15.9 -38.48 32.57 10.5 60.0 -40.66 32.54 727.2 1053.45 -751.17 34.0
89.1 -14.25 -27.1 34.49 1730.55 40.65 -90.99 33.63 -38.7 22.2 -45.25 32.46 13.95 61.05 -48.88 32.7 726.45 1048.8 -746.09 33.94
94.2 -16.5 -35.57 34.54 1730.7 41.7 -75.75 33.58 -32.1 23.55 -41.38 32.61 4.8 63.15 -42.11 32.5 728.55 1043.85 -756.25 33.94
95.55 -16.05 -37.51 34.58 1727.25 50.1 -81.55 33.83 -32.4 26.55 -43.32 32.92 8.4 57.75 -44.04 32.63 725.85 1042.35 -751.17 34.0
96.15 -13.65 -33.64 34.65 1726.65 43.05 -80.83 33.87 -36.45 28.65 -41.38 32.65 7.8 57.6 -38.96 32.5 725.7 1043.55 -749.96 34.03
97.35 -11.7 -35.33 34.54 1732.5 45.45 -86.64 33.58 -37.05 23.85 -37.03 32.77 2.55 57.45 -50.58 32.48 730.5 1040.85 -757.46 33.98
92.55 -9.15 -41.87 34.4 1735.35 41.55 -96.8 33.94 -33.9 23.85 -39.93 32.68 5.7 60.6 -52.76 32.63 727.2 1039.05 -752.38 34.05
93.6 -15.15 -30.73 34.58 1737.75 41.7 -83.25 33.85 -39.0 30.3 -29.28 32.7 -2.25 63.0 -47.43 32.61 725.85 1041.15 -764.24 34.03
88.65 -18.75 -36.54 34.54 1733.85 42.6 -89.3 33.65 -29.25 28.2 -46.71 32.63 5.55 58.05 -45.01 32.46 733.95 1047.75 -754.31 34.09
96.45 -13.5 -28.8 34.67 1738.2 48.3 -87.12 33.78 -38.7 21.9 -44.53 32.61 7.2 64.8 -45.74 32.59 737.7 1050.0 -759.15 34.09
90.15 -24.0 -23.72 34.69 1728.6 41.85 -95.59 33.87 -37.5 25.35 -41.62 32.59 4.5 64.8 -42.83 32.46 748.05 1059.0 -763.99 33.89
89.25 -16.65 -34.61 34.85 1727.25 45.15 -77.44 33.67 -34.35 23.1 -29.77 32.88 9.75 57.6 -37.99 32.59 726.3 1047.6 -752.62 34.12
90.9 -21.0 -30.49 34.67 1720.8 38.55 -89.54 33.85 -29.4 20.7 -37.03 32.72 11.25 54.9 -44.53 32.61 728.4 1047.15 -761.33 34.09
85.05 -16.5 -34.61 34.51 1726.65 40.5 -78.17 33.87 -37.2 21.45 -24.2 32.52 14.55 56.85 -45.01 32.59 739.65 1063.05 -760.61 34.4
86.4 -18.0 -28.56 34.73 1731.0 48.15 -82.28 33.67 -33.45 18.45 -36.06 32.65 12.6 54.45 -44.53 32.43 760.5 1068.15 -758.67 34.07
91.05 -19.65 -34.85 34.76 1717.05 44.85 -85.67 33.69 -34.5 25.65 -38.72 32.5 10.8 57.15 -36.3 32.46 765.15 1071.0 -760.85 33.94
87.6 -18.6 -29.77 34.73 1720.65 39.9 -90.27 33.54 -31.95 17.55 -38.24 32.48 12.3 56.7 -43.56 32.57 771.0 1066.05 -756.01 33.96
96.9 -19.65 -28.56 34.87 1732.35 47.85 -82.04 33.78 -34.5 23.25 -46.22 32.46 6.45 53.55 -44.04 32.59 767.55 1070.4 -766.66 34.16
90.0 -16.5 -36.06 34.6 1727.1 45.6 -83.49 33.87 -34.8 18.15 -36.3 32.68 5.4 60.3 -42.35 32.5 747.0 1062.75 -769.32 34.07
88.05 -16.2 -33.4 34.67 1735.2 45.45 -83.01 33.76 -36.3 18.45 -43.8 32.26 4.8 60.45 -43.8 32.57 754.2 1063.5 -770.04 34.14
86.85 -18.0 -36.3 34.78 1730.85 46.35 -88.81 34.07 -37.05 27.9 -37.75 32.65 4.2 57.45 -36.78 32.52 754.05 1066.5 -762.78 34.14
95.4 -21.6 -30.25 34.62 1725.0 46.5 -91.48 33.5 -35.55 28.2 -47.19 32.48 7.8 60.15 -53.0 32.43 747.0 1065.3 -764.96 34.34
92.85 -16.35 -30.01 34.56 1734.3 42.6 -85.67 33.81 -35.4 23.55 -43.32 32.57 6.45 59.55 -44.29 32.35 724.5 1056.15 -772.22 34.03
89.25 -15.75 -27.59 34.71 1730.25 48.0 -84.94 33.89 -34.35 21.9 -36.3 32.63 5.7 60.15 -47.92 32.43 719.55 1052.55 -797.15 34.12
94.05 -15.15 -36.54 34.58 1729.5 45.9 -79.13 33.63 -37.2 21.3 -36.54 32.48 9.9 55.05 -53.48 32.32 718.35 1072.2 -804.65 34.29
88.8 -22.35 -45.5 34.85 1732.05 48.6 -89.06 33.89 -36.75 25.05 -40.17 32.65 6.0 51.45 -50.82 32.3 722.85 1078.5 -792.55 34.03
89.85 -18.45 -39.69 34.45 1731.6 42.9 -84.22 33.5 -37.8 25.65 -37.99 32.65 10.35 55.2 -43.8 32.48 720.6 1069.95 -800.05 34.14
91.05 -13.35 -36.06 34.4 1725.3 43.05 -68.73 33.92 -38.4 30.3 -38.72 32.83 11.55 57.9 -50.58 32.15 710.25 1076.1 -781.42 33.94
88.95 -15.9 -39.45 34.56 1729.05 44.25 -78.17 33.61 -31.5 22.5 -41.87 32.74 10.5 58.65 -42.11 32.3 689.55 1062.9 -768.59 33.89
88.2 -14.85 -30.49 34.73 1730.7 45.0 -83.73 33.83 -35.85 21.9 -44.04 32.77 6.0 59.55 -47.92 32.5 682.05 1074.15 -759.88 33.83
89.55 -18.45 -39.45 34.42 1724.7 48.3 -76.96 33.94 -40.95 25.95 -38.24 32.52 6.3 61.35 -43.08 32.57 713.85 1079.85 -789.16 34.03
90.15 -11.85 -31.94 34.62 1726.2 45.45 -84.46 33.61 -43.65 21.9 -39.2 32.88 5.55 57.0 -46.22 32.46 712.95 1086.6 -786.98 34.12
88.2 -16.95 -35.82 34.51 1728.6 52.2 -86.88 33.61 -40.2 26.85 -30.25 32.61 12.3 54.6 -42.83 32.35 713.7 1092.15 -795.94 34.45
92.7 -18.75 -35.09 34.85 1733.7 48.9 -75.5 33.74 -33.75 21.0 -54.93 32.57 8.55 59.25 -56.87 32.3 702.15 1098.9 -801.5 34.2
87.75 -23.25 -30.98 34.6 1725.15 44.55 -85.91 33.85 -40.35 24.9 -40.9 32.57 10.2 57.75 -55.66 32.37 693.9 1111.95 -797.15 34.14
93.9 -21.0 -35.57 34.73 1725.15 42.45 -89.78 33.89 -38.55 21.0 -37.51 32.7 9.15 53.85 -52.27 32.41 703.8 1117.5 -779.97 33.85
90.6 -13.65 -44.53 34.69 1726.05 47.25 -82.52 33.72 -37.05 18.45 -38.24 32.59 13.35 57.15 -48.16 32.37 705.9 1088.25 -772.71 34.23
94.2 -20.25 -31.22 34.42 1721.7 43.35 -86.15 33.65 -32.85 17.1 -32.67 32.68 15.3 54.0 -49.37 32.39 707.1 1093.05 -773.92 34.18
95.55 -21.0 -30.25 34.65 1724.25 45.15 -81.07 33.92 -36.9 19.8 -29.52 32.72 7.65 53.55 -44.77 32.48 703.05 1096.2 -774.64 34.03
90.45 -21.0 -35.57 34.73 1726.2 42.9 -85.91 33.69 -41.4 16.5 -35.09 32.88 12.0 55.65 -50.58 32.3 703.95 1100.55 -772.71 34.29
93.9 -20.4 -23.23 34.56 1722.15 47.1 -86.39 33.92 -36.75 24.3 -34.12 32.77 14.25 48.6 -40.66 32.23 701.1 1106.55 -786.98 34.07
85.8 -24.3 -35.82 34.82 1728.9 49.05 -91.23 33.72 -40.65 17.25 -39.93 32.65 8.4 56.4 -40.66 32.3 707.7 1096.05 -777.3 33.89
87.75 -20.4 -42.59 34.67 1730.85 40.65 -86.88 33.69 -39.9 18.3 -35.33 32.5 11.85 58.95 -54.93 32.72 710.55 1092.0 -781.9 33.94
86.7 -20.25 -29.52 34.51 1727.25 43.35 -82.52 33.63 -41.25 24.15 -37.99 32.63 12.0 56.85 -38.96 32.61 704.1 1089.15 -770.77 33.92
81.15 -24.15 -26.86 34.47 1732.65 42.0 -81.07 33.69 -34.65 20.7 -42.11 32.63 12.15 58.2 -50.34 32.41 704.85 1093.05 -780.45 34.31
86.1 -12.45 -33.88 34.67 1727.55 44.55 -83.25 33.76 -37.05 23.4 -43.08 32.88 11.4 51.45 -45.25 32.32 706.05 1090.65 -775.13 34.2
89.1 -20.55 -33.15 34.62 1725.6 42.0 -86.88 33.69 -35.7 22.2 -41.62 32.59 9.15 55.5 -39.93 32.28 705.9 1089.75 -776.09 34.03
88.2 -13.95 -29.52 34.65 1726.2 44.4 -88.33 33.74 -39.45 23.4 -44.04 32.63 10.65 53.7 -45.74 32.5 701.7 1089.0 -772.71 34.07
85.2 -21.6 -33.15 34.58 1730.7 46.5 -89.3 33.76 -39.0 22.8 -44.77 32.59 12.45 57.9 -42.35 32.57 706.2 1093.05 -776.82 34.14
88.5 -11.4 -26.38 34.69 1728.45 44.25 -85.18 33.78 -43.05 18.0 -44.77 32.46 9.6 50.1 -51.06 32.35 705.9 1085.55 -780.45 33.94
95.1 -19.2 -46.22 34.56 1721.55 48.9 -82.04 33.78 -30.0 13.5 -31.7 32.74 2.1 56.4 -44.29 32.59 705.45 1090.65 -784.08 34.14
87.9 -19.8 -29.28 34.78 1730.1 45.6 -86.15 33.47 -41.25 21.9 -38.96 32.7 11.25 54.6 -44.04 32.21 703.8 1092.15 -778.76 34.07
95.4 -15.6 -39.45 34.69 1729.8 44.7 -84.46 33.58 -38.4 24.45 -38.24 32.81 6.9 55.2 -53.0 32.41 703.95 1088.55 -781.42 33.81
86.1 -17.25 -40.66 34.58 1730.4 49.2 -77.2 33.78 -37.2 18.0 -40.41 32.37 6.3 49.5 -57.35 32.35 702.45 1082.85 -772.95 34.0
93.0 -15.6 -35.57 34.62 1728.75 47.4 -87.6 33.67 -28.2 22.65 -42.83 32.81 8.85 57.45 -42.59 32.23 706.95 1085.55 -771.25 33.87
91.2 -17.25 -37.03 34.51 1727.55 41.55 -87.12 33.69 -30.45 21.75 -48.16 32.83 8.7 58.8 -44.77 32.21 706.05 1082.1 -769.56 34.2
93.3 -15.75 -32.43 34.42 1729.5 40.65 -86.64 33.78 -31.8 22.65 -39.69 32.74 3.15 63.15 -43.8 32.39 704.1 1080.3 -777.3 33.94
89.25 -9.9 -31.46 34.47 1733.85 38.85 -86.88 33.67 -31.8 27.0 -33.4 32.74 4.8 60.15 -47.19 32.28 702.15 1087.5 -784.81 33.96
98.1 -15.9 -31.94 34.67 1734.15 40.8 -86.88 33.74 -33.3 34.05 -34.85 32.52 3.6 59.85 -39.69 32.28 708.0 1086.75 -773.67 34.12
93.15 -12.9 -30.25 34.54 1730.4 40.65 -87.85 33.67 -31.35 27.15 -32.91 32.68 6.3 63.9 -49.37 32.3 705.6 1084.2 -774.4 34.14
91.8 -12.9 -30.25 34.6 1735.05 51.6 -91.23 33.78 -38.7 25.65 -51.06 32.61 3.6 52.95 -42.35 32.48 706.35 1078.5 -768.59 33.96
92.85 -16.95 -30.98 34.38 1732.2 39.0 -76.71 33.72 -39.6 19.65 -36.78 32.59 13.8 58.05 -47.43 32.61 712.2 1084.2 -778.03 34.03
95.1 -13.5 -36.06 34.54 1737.6 44.25 -89.78 33.78 -30.75 29.85 -35.33 32.54 2.4 60.3 -51.3 32.43 714.75 1085.85 -777.79 33.87
97.65 -16.35 -37.51 34.78 1736.25 40.2 -85.91 33.58 -33.0 27.3 -45.5 32.77 3.0 57.3 -46.95 32.35 718.05 1093.2 -779.97 34.16
96.9 -18.3 -26.14 34.58 1734.45 45.3 -85.18 33.67 -34.65 22.65 -39.93 32.65 3.9 55.05 -41.87 32.28 718.5 1088.4 -779.24 34.09
87.3 -11.85 -35.09 34.58 1734.15 42.6 -81.55 33.69 -36.75 22.8 -45.98 32.81 7.05 54.9 -48.16 32.68 725.4 1078.2 -783.35 34.14
96.6 -18.3 -37.99 34.67 1722.75 47.1 -91.23 33.72 -34.5 26.25 -48.64 32.57 10.5 61.05 -46.22 32.37 721.8 1086.3 -784.08 34.0
90.0 -23.7 -37.99 34.42 1726.2 42.0 -83.25 33.76 -31.8 27.75 -40.9 32.43 13.65 59.4 -43.8 32.48 724.5 1092.9 -779.97 34.14
94.8 -21.6 -39.69 34.4 1729.05 45.0 -76.96 33.61 -39.3 20.55 -37.51 32.43 3.75 57.6 -48.16 32.39 734.7 1086.3 -795.45 33.85
92.25 -19.95 -31.7 34.47 1724.4 44.25 -85.43 33.54 -33.3 24.15 -44.77 32.68 10.95 62.1 -43.56 32.52 733.5 1080.45 -796.91 33.92
98.85 -22.2 -36.3 34.56 1722.6 40.65 -74.78 33.81 -37.5 20.4 -40.9 32.59 13.95 50.4 -56.14 32.3 739.65 1083.0 -792.79 34.2
96.6 -20.55 -38.96 34.56 1724.7 41.4 -72.84 33.78 -37.65 26.7 -36.06 32.83 12.15 63.75 -44.04 32.37 742.5 1075.8 -805.86 34.42
89.85 -23.85 -39.45 34.45 1722.0 44.1 -84.7 33.69 -35.55 24.3 -36.78 32.65 13.05 60.0 -45.25 32.48 724.35 1071.9 -804.41 34.12
92.55 -22.95 -39.2 34.71 1722.15 41.7 -76.71 33.76 -35.55 20.1 -40.17 32.48 13.5 53.4 -33.88 32.21 729.45 1068.45 -788.44 34.14
89.25 -24.6 -37.51 34.56 1721.55 41.7 -85.18 33.92 -40.05 26.1 -42.11 32.61 15.0 54.3 -43.32 32.3 735.6 1068.9 -787.95 34.05
86.85 -22.05 -31.22 34.38 1728.15 45.15 -78.41 33.78 -40.35 17.85 -40.66 32.65 12.9 54.15 -45.5 32.41 729.45 1050.0 -787.71 33.96
80.85 -20.55 -38.24 34.67 1725.0 39.45 -78.17 33.85 -34.5 23.55 -36.54 32.59 13.05 55.8 -29.28 32.37 730.65 1040.4 -778.27 34.16
90.45 -22.5 -31.7 34.49 1723.8 44.55 -76.96 33.61 -38.25 26.1 -45.98 32.72 6.15 61.8 -48.16 32.3 733.35 1038.15 -786.98 33.98
95.4 -18.9 -24.93 34.6 1724.25 40.8 -81.07 33.76 -35.85 18.3 -32.19 32.52 20.7 46.5 -47.19 32.65 724.65 1050.15 -794.24 34.05
87.9 -20.7 -30.49 34.58 1727.7 47.55 -78.65 33.72 -38.7 17.85 -40.9 32.72 13.2 61.35 -41.62 32.43 721.2 1056.45 -779.0 34.16
89.4 -21.15 -28.31 34.54 1729.35 48.75 -76.71 33.63 -37.65 19.2 -34.85 32.7 8.25 57.15 -47.67 32.41 720.6 1049.55 -762.54 34.12
91.05 -20.4 -31.22 34.6 1722.0 47.4 -79.38 33.54 -41.1 20.1 -31.46 32.59 14.1 53.7 -55.18 32.43 710.4 1042.8 -723.34 34.07
84.15 -23.4 -35.09 34.65 1727.55 41.4 -72.84 33.72 -40.95 19.8 -39.45 32.5 16.05 60.0 -46.71 32.5 705.15 1035.75 -691.64 34.03
89.4 -21.3 -37.99 34.82 1719.6 44.7 -83.73 33.74 -37.65 14.25 -29.04 32.57 15.3 62.7 -45.5 32.32 709.35 1041.0 -663.08 34.0
87.9 -25.2 -31.22 34.8 1718.4 44.85 -81.31 33.58 -36.6 14.55 -39.93 32.46 11.1 58.35 -44.29 32.59 719.55 1065.6 -760.61 33.92
90.45 -19.65 -36.78 34.78 1723.2 44.4 -82.52 33.78 -36.0 23.25 -36.06 32.35 14.25 58.5 -45.98 32.46 717.75 1073.7 -761.33 33.96
91.65 -25.2 -28.8 34.51 1725.45 43.8 -77.68 33.69 -39.6 13.35 -40.41 32.57 14.7 56.7 -46.22 32.28 712.95 1076.7 -752.62 33.94
90.6 -21.6 -31.94 34.71 1710.9 44.85 -85.67 33.92 -36.0 15.0 -40.41 32.54 17.4 57.6 -43.32 32.37 700.8 1079.55 -731.57 33.81
95.4 -27.3 -26.14 34.58 1720.95 40.95 -77.68 33.54 -39.9 17.85 -33.4 32.72 22.35 59.55 -38.96 32.3 702.6 1085.25 -726.0 34.23
89.55 -30.45 -30.98 34.91 1714.35 44.4 -75.5 33.78 -37.95 15.45 -33.15 32.7 20.1 53.25 -49.37 32.23 707.55 1099.2 -710.27 34.09
93.9 -31.5 -32.43 34.38 1720.65 45.75 -75.5 33.67 -35.85 10.05 -40.66 32.57 18.45 56.85 -47.19 32.35 714.9 1075.2 -735.68 33.94
92.85 -18.15 -27.83 34.71 1713.6 44.25 -77.44 33.69 -43.65 17.4 -29.77 32.7 20.7 56.4 -41.38 32.32 714.0 1076.4 -737.37 34.0
90.45 -22.65 -33.15 34.58 1723.35 48.45 -83.01 33.83 -43.5 10.35 -40.9 32.63 13.8 56.85 -49.85 32.41 714.15 1081.65 -730.6 33.98
96.0 -17.55 -39.93 34.58 1727.1 46.5 -83.97 33.65 -36.3 23.25 -43.08 32.59 10.8 54.75 -45.74 32.28 713.85 1082.7 -736.16 33.83
85.5 -17.7 -31.7 34.58 1729.05 48.0 -79.86 33.63 -41.55 17.85 -33.64 32.43 10.8 61.5 -49.85 32.35 705.9 1085.4 -743.42 33.81
90.3 -24.3 -27.1 34.69 1720.95 43.8 -80.34 33.72 -44.25 26.7 -40.9 32.83 9.3 59.1 -40.41 32.46 710.7 1074.9 -739.79 34.0
87.3 -19.2 -38.96 34.65 1728.3 44.25 -77.2 33.65 -35.85 24.6 -36.3 32.81 7.5 56.7 -43.8 32.48 713.25 1072.35 -730.84 34.09
89.55 -17.7 -33.15 34.65 1725.3 42.9 -86.15 33.76 -39.15 24.0 -38.96 32.74 3.3 59.85 -49.13 32.63 714.0 1073.4 -749.23 33.85
91.05 -14.7 -36.06 34.62 1727.4 51.9 -84.94 33.74 -37.95 25.05 -30.25 32.68 6.9 51.0 -47.19 32.39 716.1 1069.35 -740.28 33.83
91.65 -16.05 -31.22 34.4 1725.9 44.25 -88.57 33.54 -38.1 24.6 -37.99 32.65 12.15 57.6 -51.55 32.28 718.5 1072.05 -740.28 34.07
91.05 -14.25 -40.17 34.65 1728.6 43.65 -83.97 33.61 -36.6 19.35 -43.8 32.57 5.85 56.55 -40.66 32.32 713.55 1070.25 -740.76 34.07
88.5 -17.25 -38.24 34.6 1732.05 46.65 -83.01 33.69 -44.1 21.0 -42.11 32.7 10.95 51.3 -52.03 32.35 714.6 1073.1 -743.91 34.07
93.6 -16.65 -39.2 34.73 1728.0 49.65 -85.67 33.81 -39.3 20.7 -37.75 32.7 4.95 56.25 -56.63 32.41 714.3 1075.35 -738.34 33.98
91.2 -15.45 -33.64 34.4 1729.95 48.0 -87.85 33.83 -39.9 27.15 -43.8 32.63 7.8 58.05 -52.51 32.52 712.2 1069.5 -748.26 33.85
84.75 -14.25 -32.67 34.49 1730.25 43.05 -83.49 33.76 -40.5 23.1 -40.66 32.72 17.25 57.3 -46.95 32.52 717.15 1070.55 -744.63 34.05
90.15 -16.35 -36.3 34.56 1730.55 52.2 -81.07 33.72 -37.35 23.25 -38.72 32.54 14.4 58.05 -49.61 32.46 710.1 1074.9 -747.78 34.12
82.35 -19.35 -37.51 34.6 1724.4 49.95 -76.71 33.85 -38.1 20.7 -40.17 32.9 9.3 51.15 -50.82 32.37 718.8 1074.15 -743.91 34.07
88.8 -16.05 -38.72 34.71 1724.7 49.05 -79.86 33.63 -33.9 18.0 -42.35 32.81 8.4 48.6 -47.43 32.57 714.6 1071.9 -736.41 33.81
92.85 -17.25 -29.77 34.67 1727.7 43.95 -78.17 33.87 -37.05 27.3 -37.99 32.63 10.2 56.25 -46.22 32.61 715.35 1077.75 -735.92 34.16
96.6 -16.5 -26.86 34.65 1726.05 40.05 -70.66 33.78 -38.1 24.9 -36.06 32.68 6.6 55.65 -53.0 32.46 713.1 1075.2 -738.34 33.76
92.55 -22.95 -30.73 34.6 1728.6 47.25 -83.49 33.58 -35.25 25.5 -38.72 32.43 9.15 55.8 -40.17 32.41 717.15 1067.1 -734.71 33.94
88.8 -13.95 -33.64 34.6 1730.4 40.8 -74.05 33.58 -32.7 19.35 -42.83 32.37 16.05 61.05 -45.25 32.26 710.85 1068.3 -735.44 33.98
96.0 -18.75 -25.89 34.6 1728.6 45.3 -75.26 33.69 -34.35 30.9 -34.36 32.46 8.4 56.1 -52.51 32.35 713.85 1069.05 -741.73 34.09
93.3 -21.0 -31.94 34.54 1731.6 42.0 -85.67 33.87 -41.4 18.45 -38.24 32.39 12.45 56.55 -47.67 32.15 711.6 1068.0 -747.05 33.83
90.75 -15.9 -32.19 34.8 1722.6 43.05 -75.02 33.72 -34.8 21.6 -38.48 32.57 11.55 55.65 -49.37 32.21 719.4 1066.95 -748.51 34.03
92.4 -16.65 -33.15 34.71 1730.4 44.55 -78.89 33.76 -35.85 28.05 -43.32 32.65 8.55 62.1 -46.95 32.23 721.95 1075.95 -745.36 34.07
88.8 -16.05 -23.47 34.49 1732.2 42.0 -87.36 33.85 -33.15 24.9 -34.61 32.7 10.35 52.95 -43.8 32.35 723.45 1069.05 -737.37 33.89
94.5 -13.95 -28.8 34.62 1730.1 44.55 -78.41 33.76 -36.9 27.15 -37.75 32.59 6.75 55.2 -48.4 32.3 728.1 1064.85 -744.88 33.94
90.15 -11.25 -26.38 34.45 1724.55 37.05 -89.06 33.92 -33.75 16.8 -30.01 32.39 6.9 54.75 -49.37 32.41 724.95 1062.3 -746.81 34.03
90.3 -15.75 -34.85 34.82 1728.45 50.1 -76.23 33.54 -35.7 24.15 -36.3 32.54 8.7 54.45 -49.85 32.41 729.0 1062.0 -748.51 33.89
89.4 -20.7 -29.77 34.62 1723.5 45.9 -79.38 33.81 -33.6 22.2 -41.87 32.52 6.6 49.05 -50.34 32.39 722.1 1064.85 -746.33 34.03
90.6 -21.45 -32.19 34.69 1726.8 42.45 -80.59 33.74 -33.6 15.75 -37.75 32.59 12.3 52.2 -41.14 32.39 727.8 1057.65 -748.51 34.27
95.55 -21.0 -28.07 34.56 1725.15 42.6 -89.3 33.54 -35.55 21.15 -39.69 32.81 10.95 57.0 -39.45 32.5 733.95 1054.35 -749.96 34.07
85.95 -22.5 -34.85 34.67 1718.7 39.75 -79.13 33.78 -34.05 24.45 -35.57 32.57 12.75 55.65 -45.5 32.57 737.25 1057.65 -748.99 34.2
86.55 -28.65 -40.41 34.71 1717.8 42.6 -85.18 33.76 -38.85 17.55 -28.07 32.52 10.35 44.55 -45.98 32.39 740.55 1049.25 -750.93 33.92
93.6 -25.35 -28.07 34.85 1717.5 42.6 -75.5 33.89 -33.6 12.15 -33.15 32.54 11.25 54.3 -35.57 32.28 741.75 1051.8 -752.38 34.0
85.05 -21.15 -21.54 34.54 1720.05 44.25 -86.88 33.61 -37.95 25.2 -34.36 32.81 13.8 60.15 -42.83 32.3 727.5 1047.3 -756.98 34.07
86.55 -22.35 -37.99 34.67 1724.7 47.85 -87.6 33.61 -29.7 21.0 -36.3 32.54 15.45 58.05 -43.08 32.63 739.35 1051.35 -758.43 33.81
84.0 -20.7 -33.88 34.69 1720.2 48.0 -83.73 33.56 -30.9 24.45 -36.3 32.52 10.8 57.9 -55.42 32.39 735.6 1041.3 -750.93 34.07
84.75 -20.1 -33.88 34.47 1723.65 46.5 -88.81 33.83 -37.95 18.9 -45.25 32.63 3.45 54.15 -46.46 32.39 739.5 1033.05 -746.09 33.85
86.85 -22.2 -37.99 34.78 1719.75 45.6 -74.78 33.5 -31.65 19.8 -40.41 32.79 10.2 55.05 -49.61 32.21 736.2 1026.45 -737.37 33.96
85.2 -20.55 -25.65 34.6 1724.1 43.2 -81.8 33.54 -35.25 16.2 -37.27 32.7 10.8 52.35 -46.95 32.32 749.25 1024.2 -731.32 33.96
90.0 -23.1 -39.69 34.85 1723.95 41.55 -82.76 33.72 -39.9 20.55 -33.15 32.7 19.8 57.9 -39.45 32.41 731.85 1041.3 -743.42 34.2
84.9 -23.55 -28.8 34.73 1729.8 43.35 -70.91 33.63 -34.8 19.5 -36.06 32.63 10.95 53.7 -43.08 32.35 729.45 1034.4 -735.92 33.87
80.1 -13.5 -38.72 34.36 1722.9 44.55 -86.64 33.67 -41.25 16.95 -31.94 32.65 12.45 55.5 -40.66 32.46 728.4 1034.25 -728.42 33.92
85.8 -14.55 -30.01 34.67 1725.9 46.2 -81.55 33.52 -32.7 27.75 -38.96 32.61 8.4 58.5 -41.14 32.46 728.4 1024.8 -708.09 34.0
87.0 -17.25 -27.59 34.69 1722.75 48.9 -81.31 33.56 -40.8 19.95 -43.08 32.59 8.25 63.3 -54.45 32.59 731.25 1022.55 -697.69 33.96
83.25 -17.55 -42.83 34.89 1726.05 48.75 -79.13 33.5 -31.05 24.0 -34.61 32.59 10.2 51.15 -46.95 32.23 728.7 1023.15 -678.57 33.89
88.95 -21.0 -43.32 34.69 1731.9 46.2 -82.28 33.58 -42.9 22.05 -37.51 32.74 5.7 60.15 -49.61 32.37 722.55 1047.75 -735.44 34.14
89.4 -17.85 -19.36 34.78 1726.35 45.9 -85.43 33.92 -39.15 22.95 -31.7 32.57 9.45 54.75 -36.78 32.39 725.1 1044.75 -719.71 34.14
87.75 -19.35 -33.4 34.85 1725.15 46.2 -82.52 33.72 -34.05 31.95 -33.4 32.7 13.8 60.15 -47.92 32.46 724.35 1048.8 -718.01 33.96
92.85 -18.75 -37.27 34.82 1722.45 42.15 -79.13 33.65 -37.35 24.9 -30.01 32.83 15.3 57.6 -40.66 32.39 718.05 1038.0 -709.3 34.05
90.75 -19.95 -37.03 34.8 1721.1 50.55 -84.94 33.85 -36.0 25.5 -37.51 32.74 12.75 59.4 -45.74 32.3 726.9 1044.9 -699.86 34.27
87.15 -20.4 -34.12 34.67 1726.65 47.7 -87.6 33.65 -38.1 25.5 -34.85 32.74 9.6 57.6 -50.09 32.28 726.0 1050.3 -703.01 34.2
87.9 -19.5 -26.38 34.67 1726.8 46.65 -76.71 33.63 -35.85 18.3 -38.48 32.46 9.9 53.7 -42.59 32.35 723.0 1046.4 -727.69 34.05
93.0 -19.65 -22.99 34.93 1721.55 42.6 -85.43 33.47 -40.35 17.7 -35.57 32.77 17.25 57.6 -38.48 32.3 725.1 1054.65 -722.61 33.96
85.95 -20.1 -27.1 34.58 1724.25 46.95 -73.33 33.83 -40.5 18.0 -39.69 32.57 6.15 52.95 -42.83 32.37 720.3 1051.5 -727.21 34.34
92.25 -22.95 -29.77 34.67 1719.75 44.25 -77.2 33.76 -38.1 25.5 -33.4 32.81 14.1 60.3 -37.51 32.3 721.35 1050.75 -721.89 33.89
91.8 -15.75 -36.78 34.65 1723.95 44.7 -70.18 33.61 -31.05 18.45 -32.67 32.9 13.95 55.35 -43.8 32.43 721.35 1050.75 -725.03 34.0
92.1 -20.4 -38.48 34.56 1720.35 44.1 -79.62 33.67 -37.05 17.4 -40.66 32.59 16.8 59.1 -45.01 32.35 717.0 1055.1 -716.32 34.07
92.55 -21.0 -35.57 34.78 1721.25 46.2 -75.26 33.52 -42.3 17.7 -41.14 32.61 13.95 51.75 -41.38 32.74 728.85 1052.4 -725.52 33.94
89.85 -22.05 -32.43 34.78 1725.45 44.85 -85.91 33.89 -42.0 16.2 -30.49 32.94 13.05 54.9 -46.46 32.5 731.1 1056.75 -721.4 34.09
87.15 -27.0 -29.04 34.85 1723.35 48.0 -83.49 33.78 -39.9 18.0 -41.14 32.57 13.05 58.05 -46.95 32.52 728.7 1054.65 -716.32 34.18
86.7 -26.4 -29.28 34.73 1716.75 48.75 -74.05 33.58 -34.65 19.95 -34.12 32.7 14.85 61.95 -40.9 32.54 720.0 1060.05 -718.74 34.25
91.8 -26.1 -34.85 34.71 1721.25 42.75 -77.2 33.76 -39.15 13.95 -28.07 32.52 20.55 58.65 -52.27 32.57 724.35 1054.05 -718.26 33.94
92.7 -27.3 -28.07 34.8 1721.1 43.8 -78.41 33.45 -39.6 17.7 -34.61 32.74 15.75 57.0 -45.98 32.57 719.55 1062.0 -712.21 34.0
92.85 -25.8 -28.56 34.85 1716.0 43.8 -84.22 33.89 -38.85 14.7 -32.67 32.63 11.4 58.35 -44.77 32.43 728.7 1055.4 -720.19 34.09
89.55 -22.95 -36.54 34.89 1717.35 46.95 -82.52 33.87 -39.6 15.0 -37.03 32.94 16.2 55.5 -41.87 32.57 726.0 1055.25 -718.74 33.98
89.55 -32.1 -42.35 34.93 1717.05 48.75 -83.25 33.58 -40.65 15.75 -30.73 32.72 18.45 54.15 -49.85 32.57 729.75 1057.95 -718.98 34.23
91.35 -25.8 -31.94 34.93 1716.3 51.6 -88.33 33.78 -33.6 19.5 -32.19 32.81 8.55 57.0 -48.16 32.3 726.0 1051.8 -713.42 33.96
86.85 -19.05 -31.7 34.73 1722.9 43.2 -81.8 33.76 -39.0 15.45 -35.57 32.59 20.25 55.8 -46.46 32.65 721.05 1059.6 -730.11 33.94
90.0 -29.55 -41.14 34.82 1713.9 43.8 -79.38 33.65 -40.05 20.85 -37.99 32.65 17.1 55.65 -39.45 32.37 721.05 1057.05 -717.53 34.18
91.65 -22.8 -23.72 34.62 1712.7 38.85 -76.96 33.67 -34.8 18.75 -36.78 32.48 15.3 55.2 -38.96 32.54 723.15 1054.2 -717.29 34.0
87.6 -20.55 -22.99 34.8 1721.7 34.35 -75.99 33.76 -34.2 15.6 -46.95 32.52 10.35 56.7 -38.24 32.54 723.15 1051.65 -717.77 33.94
90.0 -24.45 -26.14 34.78 1721.7 41.85 -84.46 33.69 -35.7 19.2 -38.24 32.79 9.15 57.0 -38.72 32.65 724.8 1047.75 -714.38 34.2
93.9 -19.8 -30.25 34.85 1723.5 45.9 -84.46 33.72 -34.8 13.8 -35.57 32.57 13.05 50.7 -36.3 32.61 725.55 1046.7 -712.69 33.76
91.8 -21.6 -31.46 34.89 1724.7 41.7 -76.96 33.67 -34.05 17.4 -30.98 32.54 16.5 54.3 -41.62 32.59 723.75 1048.95 -713.66 33.98
94.35 -16.65 -25.89 34.65 1730.1 42.6 -83.73 33.63 -36.6 21.9 -41.62 32.35 10.65 53.1 -38.48 32.21 724.35 1053.6 -722.37 33.96
92.25 -21.3 -24.68 34.65 1723.65 40.35 -81.31 33.83 -37.35 22.5 -37.03 32.61 13.35 55.2 -42.59 32.39 729.0 1051.8 -724.79 33.96
88.05 -24.3 -27.59 34.8 1722.9 43.5 -80.83 33.54 -39.45 22.5 -34.85 32.68 11.1 57.3 -32.43 32.48 724.95 1050.15 -709.54 33.94
93.9 -21.45 -38.96 34.82 1718.55 42.9 -69.45 33.83 -36.6 17.25 -39.69 32.57 14.25 55.35 -39.2 32.54 729.3 1051.2 -711.72 33.96
89.4 -25.2 -31.94 34.8 1719.6 36.6 -80.83 33.78 -33.0 18.3 -32.67 32.57 15.6 59.55 -38.48 32.35 728.7 1044.15 -714.14 33.96
90.9 -22.05 -26.86 34.54 1724.4 42.3 -84.22 33.63 -39.75 26.1 -31.46 32.72 14.1 49.35 -41.62 32.46 734.7 1040.7 -726.24 34.2
87.9 -15.0 -32.43 34.6 1725.15 35.7 -81.31 33.81 -36.0 22.35 -45.5 32.65 13.35 52.5 -42.59 32.39 737.25 1042.8 -724.79 34.05
89.7 -22.35 -23.23 34.93 1728.6 44.55 -79.13 33.63 -41.4 23.1 -38.24 32.57 5.85 57.9 -42.59 32.5 732.9 1047.45 -726.0 34.05
92.1 -20.85 -35.09 34.73 1721.25 45.45 -81.8 33.76 -37.5 17.55 -40.17 32.5 16.8 54.15 -42.11 32.43 727.95 1040.85 -725.76 33.85
83.1 -25.05 -44.53 34.67 1724.4 39.75 -74.05 33.69 -34.2 27.75 -40.9 32.81 11.55 61.2 -37.03 32.35 734.25 1041.75 -723.34 33.81
96.15 -19.95 -35.82 34.69 1721.7 46.8 -76.71 33.67 -31.8 22.65 -38.48 32.65 10.35 55.5 -45.25 32.63 734.25 1035.15 -712.21 33.83
86.25 -22.65 -30.25 34.82 1717.5 41.1 -74.05 33.85 -36.15 23.55 -35.33 32.63 5.4 51.3 -46.22 32.61 739.65 1036.95 -726.97 33.98
92.1 -23.55 -38.96 34.76 1723.2 41.55 -80.34 33.61 -36.0 19.35 -37.51 32.79 8.1 50.4 -42.83 32.37 747.3 1029.0 -721.89 34.05
91.2 -15.0 -30.49 34.71 1723.2 47.1 -82.04 33.92 -36.0 18.75 -27.59 32.61 7.95 56.4 -44.53 32.54 735.6 1041.9 -719.71 33.89
84.75 -19.8 -35.57 34.78 1719.9 44.4 -83.25 33.85 -38.7 17.1 -35.09 32.52 10.35 54.75 -43.32 32.54 733.95 1035.15 -725.03 33.98
90.6 -19.5 -26.38 34.85 1723.2 36.9 -77.92 33.87 -35.55 26.55 -37.03 32.65 7.5 60.3 -43.08 32.46 738.45 1031.4 -718.74 34.0
81.9 -21.45 -33.88 34.67 1723.2 44.85 -81.07 33.81 -37.65 23.7 -42.11 32.65 12.3 57.3 -38.72 32.39 734.7 1032.0 -715.59 33.96
86.55 -23.25 -43.32 35.0 1725.3 45.75 -74.78 33.52 -40.2 22.05 -35.57 32.65 9.45 52.95 -53.24 32.54 732.0 1022.7 -708.58 34.07
84.15 -21.75 -35.82 34.87 1728.45 45.15 -77.44 34.12 -38.55 27.0 -37.03 32.61 11.55 54.0 -40.17 32.35 743.1 1030.2 -703.25 34.0
84.9 -18.6 -22.02 34.85 1724.4 49.2 -72.84 33.69 -43.2 21.6 -39.93 32.61 8.25 51.0 -45.74 32.39 731.55 1040.55 -720.43 33.98
83.1 -13.65 -32.19 34.82 1726.35 48.15 -79.86 33.56 -34.35 24.6 -32.67 32.23 11.4 56.1 -38.72 32.59 733.05 1036.65 -717.29 34.0
80.25 -16.35 -35.82 34.96 1724.55 47.55 -75.26 33.72 -35.7 25.95 -39.2 32.79 8.85 50.55 -47.92 32.35 736.2 1026.75 -714.63 34.09
86.25 -19.05 -26.38 34.69 1722.75 40.95 -80.83 33.54 -38.55 22.95 -36.54 32.79 5.7 55.05 -45.25 32.32 737.25 1026.75 -709.79 34.05
79.8 -18.75 -26.86 34.82 1721.55 41.55 -73.33 33.52 -34.2 25.35 -38.24 32.54 7.65 58.8 -51.3 32.15 733.35 1026.3 -701.56 33.98
90.75 -20.1 -37.51 34.87 1717.2 41.7 -83.01 33.78 -38.7 21.75 -41.14 32.61 9.0 55.2 -41.38 32.37 736.05 1031.1 -702.28 34.14
93.9 -21.45 -31.7 34.78 1722.3 47.7 -77.92 33.85 -41.55 20.55 -30.98 32.72 11.85 53.55 -45.25 32.37 738.9 1042.35 -718.26 33.96
86.7 -19.35 -38.72 34.69 1725.9 45.15 -87.36 33.61 -35.85 15.9 -42.59 32.52 12.6 54.3 -43.8 32.41 733.05 1040.7 -715.59 34.03
82.5 -19.05 -32.19 35.0 1730.85 45.0 -77.2 33.58 -37.95 21.3 -38.96 32.54 8.55 54.9 -48.64 32.54 726.15 1032.3 -718.26 33.92
88.05 -19.2 -29.28 34.78 1725.0 48.15 -79.62 33.56 -41.85 20.1 -30.25 32.5 8.7 54.6 -44.53 32.63 730.2 1034.85 -701.56 34.2
82.05 -18.0 -34.61 34.98 1723.8 47.55 -68.97 33.63 -39.0 15.75 -31.46 32.77 12.3 59.25 -43.8 32.52 724.95 1030.35 -701.56 33.96
90.15 -15.9 -40.66 34.58 1721.85 44.25 -87.85 33.5 -37.8 21.3 -30.98 32.65 7.35 50.25 -40.17 32.35 730.35 1039.8 -710.51 33.83
86.7 -23.55 -25.89 34.58 1728.9 45.9 -75.99 33.72 -42.6 17.25 -34.85 32.61 14.25 57.15 -48.16 32.43 728.85 1046.1 -718.98 33.92
85.95 -17.4 -28.07 34.71 1723.65 52.65 -79.86 33.72 -36.45 17.7 -31.7 32.54 15.6 59.25 -41.14 32.63 732.0 1042.95 -715.35 33.92
92.7 -21.6 -38.72 34.76 1723.65 44.7 -90.75 33.61 -32.85 22.35 -28.07 32.68 10.95 51.9 -42.59 32.41 726.3 1048.65 -718.26 33.94
84.9 -21.6 -32.91 34.73 1721.7 49.35 -85.67 33.58 -34.95 18.0 -30.01 32.65 15.15 60.9 -50.58 32.35 729.45 1039.2 -710.03 33.98
87.15 -19.35 -36.06 34.69 1728.75 48.75 -83.97 33.56 -42.9 22.8 -25.41 32.54 9.15 59.7 -46.46 32.32 723.9 1045.2 -712.21 33.89
85.95 -21.6 -39.45 34.51 1724.4 51.3 -82.28 33.74 -37.35 22.2 -34.12 32.54 11.85 53.25 -43.32 32.43 730.8 1045.2 -714.87 33.92
92.1 -20.85 -42.35 34.69 1722.9 45.3 -71.15 33.81 -39.9 15.45 -40.41 32.65 13.8 49.5 -47.67 32.19 730.8 1044.75 -718.26 34.09
86.4 -18.75 -30.25 34.58 1722.6 44.85 -86.15 33.87 -32.25 18.45 -25.65 32.5 13.5 48.9 -44.77 32.46 733.5 1043.55 -711.24 34.09
90.75 -14.7 -34.85 34.82 1728.9 47.7 -85.91 33.58 -37.35 22.35 -31.22 32.57 7.95 52.05 -48.88 32.39 730.95 1042.2 -711.48 33.94
86.55 -16.65 -39.93 34.87 1718.7 46.2 -76.23 33.83 -36.0 18.6 -30.73 32.77 8.55 51.75 -42.59 32.63 729.9 1047.6 -713.9 33.87
84.6 -26.85 -38.96 34.65 1724.4 48.45 -77.44 33.78 -39.15 17.7 -37.03 32.68 12.45 48.9 -41.14 32.39 730.5 1044.6 -708.58 34.18
87.3 -16.5 -34.61 34.67 1723.05 53.7 -77.44 33.92 -37.35 19.65 -28.56 32.52 10.8 56.1 -45.5 32.3 730.65 1044.0 -707.85 34.0
88.8 -16.35 -34.12 34.62 1728.0 48.75 -83.01 33.54 -47.55 12.9 -29.52 32.81 13.2 48.15 -46.71 32.5 731.4 1047.3 -713.66 34.0
83.25 -22.5 -39.69 34.87 1722.9 51.15 -81.8 33.89 -42.9 14.25 -27.59 32.88 12.3 54.45 -56.14 32.35 730.05 1042.95 -719.95 33.98
86.7 -19.2 -34.12 34.65 1728.75 53.4 -85.18 33.58 -40.65 23.25 -37.03 32.5 6.75 59.55 -34.36 32.39 732.15 1039.65 -721.4 33.94
78.3 -16.05 -35.09 34.78 1723.05 49.95 -90.02 33.72 -37.2 16.65 -32.43 32.41 11.7 55.95 -43.56 32.26 730.35 1046.25 -704.95 33.98
88.95 -18.6 -33.15 34.96 1723.8 43.05 -81.07 33.63 -36.0 22.8 -24.2 32.7 10.95 54.75 -51.3 32.39 731.4 1047.3 -714.87 33.96
86.4 -22.65 -30.49 34.8 1723.05 48.45 -85.18 33.45 -43.5 22.35 -32.91 32.63 12.0 56.55 -53.97 32.32 731.85 1041.3 -711.72 34.0
94.5 -19.05 -28.31 34.71 1728.75 51.0 -76.23 33.94 -36.45 22.35 -36.54 32.77 10.65 57.0 -37.75 32.5 728.25 1051.2 -709.3 34.23
86.85 -23.85 -20.81 34.76 1721.25 42.6 -71.87 33.63 -29.85 18.0 -43.32 32.74 11.4 56.7 -39.69 32.32 735.15 1042.95 -706.64 33.96
85.65 -19.65 -31.94 34.85 1727.1 46.2 -72.6 33.74 -36.15 18.3 -30.49 32.3 13.2 58.35 -35.57 32.43 732.3 1042.2 -710.51 34.05
85.35 -16.65 -29.77 34.69 1726.5 37.35 -82.52 33.89 -33.75 17.85 -29.77 32.54 16.05 64.2 -39.2 32.52 729.75 1043.55 -712.93 34.05
92.85 -14.55 -31.46 34.62 1726.5 46.5 -75.75 33.85 -35.85 23.4 -35.82 32.54 12.0 57.0 -34.12 32.65 729.45 1044.9 -712.93 34.29
92.55 -17.25 -32.91 34.8 1724.25 36.0 -71.63 33.52 -34.5 23.25 -30.73 32.63 20.85 51.75 -32.19 32.46 740.1 1041.3 -718.01 34.09
86.85 -17.1 -26.86 34.85 1725.3 45.75 -76.96 33.58 -36.75 27.6 -34.61 32.54 10.35 58.95 -43.32 32.61 731.25 1040.25 -726.97 34.0
86.4 -19.5 -32.43 34.93 1723.05 41.85 -84.7 33.72 -41.7 29.4 -35.33 32.52 10.95 51.9 -41.62 32.7 730.35 1036.35 -710.03 33.98
88.5 -18.75 -30.01 34.85 1726.35 39.9 -74.78 33.74 -35.7 22.2 -30.25 32.43 13.5 53.85 -42.11 32.57 734.25 1036.35 -715.35 34.0
88.8 -19.5 -36.3 34.8 1723.2 48.15 -80.34 33.47 -34.65 24.9 -38.24 32.54 11.4 52.95 -48.4 32.43 725.85 1031.85 -720.68 34.16
89.85 -17.7 -28.56 34.76 1727.7 44.4 -70.42 33.67 -43.5 24.3 -35.82 32.54 8.1 51.75 -35.09 32.48 735.3 1030.5 -714.38 34.05
90.0 -20.7 -35.09 34.65 1730.1 45.3 -76.71 33.63 -39.9 25.35 -37.51 32.43 3.75 47.1 -45.5 32.43 738.6 1033.5 -714.63 34.0
81.15 -16.2 -37.03 34.78 1729.2 51.15 -80.34 33.83 -35.1 24.75 -33.15 32.54 3.0 58.05 -42.83 32.32 736.95 1040.4 -723.34 34.16
97.2 -19.5 -29.52 34.87 1722.3 40.2 -74.54 33.58 -41.55 23.7 -37.75 32.63 11.85 57.45 -42.83 32.32 732.75 1029.75 -719.95 33.92
88.35 -24.15 -37.27 34.98 1728.3 46.8 -72.12 33.65 -35.1 23.1 -31.94 32.46 11.85 54.75 -42.11 32.54 733.2 1035.15 -705.67 34.03
85.5 -15.3 -35.82 34.67 1721.4 40.2 -75.5 33.83 -41.85 22.65 -36.78 32.81 1.05 50.4 -47.19 32.39 739.8 1030.2 -718.98 34.0
84.6 -18.15 -31.46 34.49 1719.45 46.5 -70.42 33.78 -40.2 26.7 -34.12 32.72 10.05 52.65 -45.01 32.43 730.2 1034.7 -714.38 34.14
84.9 -18.3 -25.65 34.8 1725.6 46.8 -76.96 33.94 -40.2 22.05 -26.38 32.68 3.45 52.8 -44.29 32.59 739.35 1031.25 -718.26 33.98
88.05 -9.3 -23.47 34.62 1726.05 51.15 -75.5 33.63 -34.2 24.0 -29.04 32.65 6.3 59.25 -38.48 32.57 732.3 1044.15 -712.93 34.14
84.0 -14.1 -25.65 34.6 1724.4 50.7 -73.57 33.61 -44.7 24.6 -36.3 32.68 10.5 59.85 -47.19 32.46 737.25 1035.45 -706.64 33.92
85.5 -20.25 -20.33 34.8 1721.4 49.35 -85.91 33.65 -40.65 23.1 -40.17 32.72 8.55 57.15 -43.08 32.59 737.1 1038.3 -712.93 34.31
91.35 -19.95 -29.77 34.91 1721.7 45.0 -77.92 33.81 -34.5 16.65 -36.3 32.5 9.6 50.4 -45.01 32.57 734.1 1032.45 -704.46 34.07
87.15 -19.05 -24.93 34.76 1721.7 46.05 -65.1 33.74 -36.15 19.35 -36.78 32.61 10.35 55.35 -44.04 32.39 739.2 1034.4 -710.27 34.14
84.3 -10.2 -30.01 34.8 1724.85 48.6 -76.23 33.83 -37.35 24.3 -42.11 32.77 7.8 45.0 -38.96 32.5 739.2 1036.8 -705.43 33.96
93.15 -18.9 -29.04 34.69 1732.8 45.9 -85.18 33.89 -39.6 24.9 -39.93 32.65 4.8 53.1 -46.22 32.46 734.25 1042.65 -710.51 34.05
87.6 -13.05 -32.43 34.67 1731.0 41.55 -73.08 33.52 -40.65 21.6 -39.69 32.72 5.1 57.15 -47.67 32.48 737.55 1045.8 -712.93 34.2
87.0 -13.95 -36.54 34.69 1734.45 47.55 -80.59 33.54 -42.15 21.3 -36.3 32.77 3.45 50.25 -46.22 32.41 737.7 1027.5 -718.5 34.18
85.65 -19.95 -23.47 34.56 1730.55 46.05 -82.28 33.85 -39.6 30.0 -30.98 32.63 5.55 60.9 -35.09 32.68 735.0 1033.5 -703.49 33.98
78.75 -15.3 -20.57 34.71 1727.4 49.95 -74.78 33.67 -40.95 25.65 -43.08 32.68 6.45 52.95 -43.8 32.7 741.0 1033.65 -710.27 33.85
84.3 -16.65 -40.66 34.89 1729.95 44.1 -78.17 33.56 -35.85 26.55 -41.14 32.65 7.05 57.6 -50.58 32.57 738.0 1028.85 -710.51 34.03
85.5 -15.15 -30.73 34.73 1732.2 46.05 -79.62 33.76 -38.4 24.3 -33.4 32.72 2.25 49.95 -43.32 32.48 730.35 1033.95 -720.92 34.07
83.55 -12.6 -36.54 34.85 1728.0 46.95 -80.1 33.56 -34.95 24.3 -38.48 32.77 5.25 55.8 -51.06 32.59 736.5 1032.0 -717.05 34.16
84.9 -13.5 -42.83 34.58 1729.35 44.4 -81.55 33.72 -39.45 26.25 -30.98 32.65 6.15 52.5 -49.13 32.3 742.35 1036.35 -710.51 33.96
83.1 -11.85 -33.64 35.0 1729.2 45.75 -89.54 33.89 -37.8 23.4 -34.12 32.68 7.05 55.05 -41.62 32.54 731.4 1039.35 -706.64 33.83
80.85 -17.85 -34.85 34.67 1726.95 46.35 -71.15 33.76 -37.8 27.15 -35.09 32.48 6.6 52.65 -40.17 32.5 733.8 1036.95 -713.17 34.05
85.95 -14.85 -30.49 35.0 1738.5 46.5 -86.64 33.58 -34.5 26.85 -36.54 32.54 11.4 54.3 -49.13 32.37 735.9 1036.05 -710.51 34.0
84.6 -18.3 -37.51 34.65 1728.75 49.5 -85.67 33.92 -40.2 20.25 -36.78 32.7 10.35 54.75 -46.71 32.57 732.75 1044.0 -707.12 34.12
84.6 -17.55 -32.67 34.71 1724.25 50.7 -81.07 33.76 -37.5 18.0 -33.64 32.57 8.1 47.4 -44.53 32.63 729.3 1043.25 -714.87 34.0
90.0 -17.55 -38.72 34.78 1737.75 44.1 -86.39 33.78 -41.55 21.0 -35.57 32.63 12.3 53.55 -53.48 32.5 732.45 1037.85 -714.87 34.27
86.1 -18.6 -30.73 34.73 1731.45 50.55 -79.86 33.69 -38.4 27.45 -32.91 32.63 17.4 51.45 -46.95 32.54 726.0 1042.5 -709.79 33.85
84.75 -21.6 -40.41 34.89 1727.85 54.0 -80.59 33.56 -34.35 21.9 -30.73 32.81 11.55 50.55 -42.83 32.32 731.55 1041.6 -711.0 34.0
83.85 -18.6 -32.91 34.82 1729.2 47.1 -88.09 33.83 -38.55 21.6 -26.86 32.81 7.2 48.0 -51.55 32.26 736.95 1044.15 -714.14 34.09
90.0 -17.85 -32.19 34.76 1725.75 45.15 -84.7 33.61 -36.0 16.8 -38.72 32.43 19.2 52.35 -39.45 32.48 735.45 1042.8 -709.06 33.98
87.3 -21.9 -31.46 34.71 1725.45 52.35 -82.76 34.0 -36.3 15.75 -39.69 32.35 13.35 51.0 -55.42 32.35 733.5 1044.3 -711.24 34.14
86.55 -18.3 -28.31 34.73 1725.0 45.75 -75.99 33.74 -43.5 20.55 -27.1 32.59 7.05 53.85 -42.83 32.37 733.35 1045.05 -718.98 34.0
87.0 -15.15 -32.19 34.69 1730.4 44.25 -79.38 33.98 -35.55 17.85 -28.31 32.63 6.75 52.5 -40.9 32.35 741.0 1042.5 -714.38 33.83
88.05 -23.85 -22.75 34.89 1730.1 52.95 -87.6 33.92 -32.25 17.7 -26.86 32.61 12.0 49.2 -46.71 32.41 735.75 1051.8 -711.48 34.12
83.85 -21.45 -28.56 34.58 1725.45 54.45 -85.18 33.92 -37.95 18.3 -24.68 32.63 9.15 51.75 -40.41 32.65 736.95 1046.25 -710.03 33.83
81.75 -23.55 -42.35 34.54 1725.45 47.4 -79.62 33.85 -44.7 21.3 -27.1 32.81 11.25 50.4 -44.77 32.46 732.3 1044.0 -718.74 34.16
81.9 -19.65 -41.14 34.6 1725.0 50.1 -79.86 33.81 -42.3 24.3 -32.67 32.46 8.85 50.85 -49.61 32.65 729.0 1039.8 -715.35 34.07
88.05 -13.95 -35.57 34.71 1720.05 49.05 -91.48 33.56 -37.95 18.15 -38.96 32.77 9.9 53.1 -36.54 32.43 731.55 1038.6 -712.69 34.0
88.8 -20.1 -39.2 34.85 1734.3 46.65 -88.81 33.83 -45.75 19.2 -44.77 32.81 10.05 52.5 -42.35 32.35 734.4 1043.85 -714.87 34.09
84.6 -17.4 -32.67 34.67 1728.75 52.8 -83.97 33.61 -41.1 17.4 -39.93 32.59 12.0 55.05 -34.85 32.46 735.9 1036.35 -715.35 34.16
86.4 -24.15 -36.54 34.65 1723.2 51.3 -79.86 33.83 -40.35 19.35 -35.09 32.54 9.6 49.2 -52.27 32.39 730.5 1042.05 -715.11 34.03
95.1 -12.6 -31.46 34.76 1738.05 49.65 -82.28 33.63 -40.05 23.4 -44.53 32.54 3.3 52.05 -43.08 32.46 733.2 1039.2 -714.87 34.05
85.35 -13.95 -40.41 34.85 1729.8 49.05 -88.81 33.85 -35.1 25.35 -40.17 32.68 9.6 54.9 -37.03 32.5 739.8 1038.75 -713.66 34.2
90.9 -16.05 -30.49 34.56 1737.45 45.9 -81.07 33.96 -42.6 22.2 -35.57 32.63 5.4 55.5 -35.82 32.68 730.65 1045.8 -718.74 34.07
86.1 -20.7 -33.4 34.67 1735.8 41.7 -79.62 33.69 -42.0 21.15 -38.72 32.65 9.75 49.8 -38.48 32.52 732.9 1047.45 -710.51 33.89
90.75 -14.7 -38.24 34.76 1732.35 47.55 -80.34 34.03 -36.6 18.6 -30.73 32.52 7.8 50.25 -34.85 32.57 730.95 1036.35 -705.91 34.12
91.35 -14.7 -31.7 34.71 1731.6 49.05 -83.49 33.67 -36.15 25.5 -33.4 32.72 8.1 48.45 -32.19 32.48 736.35 1044.3 -713.42 34.09
92.85 -11.85 -26.62 34.78 1729.35 46.5 -87.36 33.61 -38.1 27.9 -39.45 32.85 7.2 53.7 -51.06 32.35 733.35 1039.5 -712.45 34.0
88.05 -13.65 -42.35 35.0 1731.75 48.3 -82.76 33.67 -38.25 26.25 -40.66 32.57 4.8 49.35 -35.09 32.28 731.7 1040.4 -715.59 34.12
89.1 -16.5 -23.23 34.69 1732.05 45.6 -85.18 33.74 -34.5 21.45 -38.96 32.3 9.3 56.25 -35.57 32.39 728.1 1033.65 -711.24 33.89
89.55 -11.7 -31.22 35.0 1733.1 52.35 -83.01 33.76 -43.65 25.95 -43.32 32.43 11.1 51.9 -46.46 32.35 732.45 1036.5 -716.8 33.83
87.45 -15.9 -22.51 34.85 1729.8 50.85 -77.68 33.65 -40.95 24.75 -28.8 32.52 11.4 51.3 -42.35 32.37 732.0 1042.35 -705.43 33.81
96.15 -24.45 -23.72 34.71 1732.5 44.4 -73.81 33.63 -35.7 22.35 -33.64 32.74 5.55 58.2 -35.33 32.5 729.6 1038.15 -711.72 34.05
88.95 -19.5 -31.46 34.56 1728.15 48.75 -83.25 33.63 -39.45 22.65 -30.98 32.61 12.6 55.5 -39.2 32.52 734.7 1043.85 -711.24 33.83
91.5 -19.5 -32.43 34.89 1723.8 57.6 -76.23 33.74 -41.1 27.15 -33.15 32.54 8.4 47.7 -38.72 32.57 733.65 1038.3 -702.53 34.09
89.4 -22.35 -28.31 35.0 1730.4 52.8 -89.3 33.92 -42.9 15.3 -43.8 32.61 17.55 52.8 -39.93 32.48 732.75 1036.65 -698.65 34.0
84.6 -25.35 -31.22 34.78 1724.55 47.85 -76.47 33.63 -36.15 15.3 -45.98 32.77 12.45 48.6 -34.61 32.37 728.7 1042.35 -711.48 33.92
96.45 -27.15 -28.8 34.71 1718.4 46.2 -68.0 33.85 -40.65 22.35 -34.12 32.77 8.85 50.1 -40.41 32.5 735.9 1043.85 -715.11 34.03
88.2 -27.3 -25.65 34.67 1719.6 49.8 -72.84 33.58 -33.9 15.9 -32.67 32.77 13.35 54.15 -37.51 32.43 733.65 1041.6 -703.25 34.27
83.4 -22.65 -27.83 34.69 1726.95 44.7 -75.5 33.89 -40.05 16.95 -32.91 32.92 13.8 53.7 -48.88 32.57 734.1 1043.1 -708.09 34.03
94.2 -19.5 -28.31 34.85 1721.85 47.1 -85.91 33.83 -40.8 16.2 -30.98 32.5 13.2 55.05 -49.61 32.57 736.2 1044.6 -714.38 33.83
88.05 -21.45 -20.81 34.56 1717.2 47.55 -70.91 33.76 -37.35 20.55 -34.36 32.61 16.35 53.25 -41.14 32.7 737.1 1042.95 -711.96 34.2
85.65 -15.3 -27.59 34.82 1717.5 46.8 -70.66 33.83 -36.3 20.55 -39.45 32.88 15.75 63.15 -43.32 32.39 734.85 1039.95 -704.46 34.31
90.6 -15.6 -32.91 34.91 1714.35 48.0 -67.03 33.74 -43.05 21.75 -37.27 32.63 10.8 53.55 -39.45 32.41 730.35 1041.45 -712.45 34.05
94.2 -22.95 -31.7 34.8 1717.35 43.65 -68.73 33.65 -37.65 17.85 -28.07 32.85 10.35 52.35 -33.15 32.52 735.15 1044.0 -712.21 34.12
85.5 -21.15 -29.52 34.91 1726.5 48.3 -77.92 33.92 -39.6 13.95 -30.73 32.65 18.9 51.9 -44.77 32.39 736.2 1049.55 -710.27 33.89
83.1 -32.7 -19.6 34.85 1716.0 43.95 -82.52 33.89 -41.25 20.7 -34.61 32.68 13.65 51.45 -44.04 32.46 740.55 1039.35 -711.96 34.09
84.0 -15.75 -27.59 34.58 1722.6 47.1 -69.94 33.58 -39.3 22.65 -35.82 32.68 10.5 51.9 -45.5 32.5 739.8 1039.95 -715.11 34.07
91.65 -18.75 -27.59 34.67 1721.1 48.45 -76.23 33.89 -37.5 19.65 -37.99 32.68 0.0 54.0 -42.35 32.41 736.65 1042.65 -719.95 34.0
89.7 -22.65 -31.46 34.89 1721.1 47.85 -75.99 33.54 -35.4 27.0 -44.53 32.59 11.55 48.0 -44.04 32.63 738.3 1046.7 -713.66 34.03
86.4 -21.3 -26.62 34.8 1727.55 48.3 -79.38 33.74 -35.4 16.5 -34.61 32.63 5.4 54.15 -43.08 32.39 737.1 1034.7 -714.87 34.16
82.05 -18.15 -31.7 34.6 1728.6 54.45 -82.04 33.76 -37.8 22.2 -43.8 32.68 5.7 50.55 -48.88 32.48 732.75 1042.8 -709.54 34.25
87.0 -18.45 -39.45 34.87 1732.05 49.95 -81.07 33.69 -42.15 22.95 -35.82 32.61 6.75 57.45 -45.5 32.52 738.15 1038.6 -715.84 34.12
90.6 -20.4 -27.1 34.82 1731.45 50.7 -71.63 33.69 -38.25 21.9 -36.54 32.83 4.95 55.95 -38.48 32.61 730.65 1040.7 -712.69 34.0
80.7 -25.05 -35.09 34.96 1724.85 47.7 -79.62 33.58 -30.9 23.85 -31.94 32.72 8.85 51.75 -48.16 32.61 735.45 1041.9 -710.03 34.16
86.25 -19.65 -36.78 34.71 1732.05 52.65 -75.99 33.76 -39.75 24.9 -36.78 32.54 8.55 50.4 -45.98 32.39 732.3 1039.65 -718.74 33.89
89.4 -19.8 -38.48 34.69 1733.4 46.8 -83.73 33.81 -38.85 24.15 -23.96 32.5 7.8 45.75 -53.24 32.46 738.9 1038.45 -716.32 34.09
84.6 -16.8 -25.89 34.73 1735.65 50.25 -84.22 33.81 -46.8 17.55 -35.57 32.83 12.0 48.45 -47.19 32.54 736.95 1044.45 -720.92 34.16
94.35 -21.9 -33.64 34.82 1729.95 53.55 -80.59 33.74 -39.15 16.95 -29.28 32.74 9.75 49.95 -38.96 32.72 738.45 1042.8 -717.53 34.12
82.8 -23.25 -31.94 34.8 1736.85 49.65 -77.2 33.67 -40.8 19.95 -30.73 32.5 13.05 60.3 -42.35 32.52 732.3 1043.85 -703.25 33.92
85.5 -27.45 -26.86 34.87 1731.9 49.05 -79.13 33.87 -43.65 18.9 -44.04 32.81 13.5 48.0 -42.83 32.63 734.55 1047.15 -703.01 34.31
91.2 -15.9 -23.96 34.78 1727.1 38.55 -76.23 33.92 -40.5 17.55 -37.51 32.63 15.15 54.6 -45.5 32.59 740.85 1044.9 -723.34 34.16
87.9 -22.5 -34.61 34.73 1728.15 49.8 -74.54 33.61 -31.8 17.1 -36.3 32.59 14.85 50.1 -44.04 32.48 736.35 1039.5 -710.27 34.0
90.75 -21.3 -31.46 34.76 1727.4 49.95 -86.64 33.61 -41.85 18.75 -38.24 32.63 13.35 48.6 -32.67 32.52 732.9 1044.9 -721.89 33.96
87.6 -16.8 -25.89 34.71 1729.5 44.7 -93.65 33.92 -44.25 17.85 -33.4 32.59 14.4 51.3 -42.11 32.39 737.1 1045.5 -717.05 34.09
79.8 -27.75 -23.96 34.62 1729.8 51.6 -79.38 33.81 -38.25 13.8 -34.36 32.63 6.45 51.75 -48.16 32.65 739.2 1043.25 -719.47 34.07
87.45 -18.9 -29.52 34.85 1733.55 46.5 -86.39 33.85 -38.55 22.05 -37.99 32.61 10.8 55.95 -37.99 32.57 737.7 1039.95 -713.42 34.05
88.95 -17.4 -30.25 34.62 1731.6 51.15 -88.81 33.76 -42.0 20.55 -32.91 32.63 14.25 51.9 -43.32 32.61 743.55 1046.85 -713.17 34.2
84.45 -16.8 -30.73 34.62 1735.35 55.65 -79.38 33.83 -39.15 14.25 -42.83 32.61 20.7 50.25 -45.5 32.57 740.55 1038.6 -717.29 34.05
83.4 -16.95 -37.75 34.89 1728.15 49.5 -83.49 33.72 -36.75 22.05 -35.57 32.92 13.8 45.75 -40.17 32.39 742.05 1039.8 -711.48 34.27
83.4 -15.75 -32.19 34.51 1728.3 52.65 -76.47 33.81 -38.25 15.9 -33.15 32.85 10.95 47.55 -39.93 32.52 741.75 1050.75 -714.38 34.27
92.7 -15.3 -26.14 34.65 1728.15 49.65 -84.94 33.74 -40.35 18.3 -43.32 32.72 4.65 53.4 -50.09 32.5 734.1 1044.0 -722.13 33.87
84.6 -26.4 -31.94 34.91 1732.8 53.55 -79.86 33.92 -38.7 21.9 -37.27 32.92 15.15 52.35 -47.67 32.48 733.05 1040.55 -717.05 34.05
88.35 -18.3 -38.24 34.85 1734.45 49.05 -90.75 33.76 -33.0 24.15 -26.14 32.63 9.9 47.55 -49.13 32.63 739.2 1044.75 -725.52 34.05
86.55 -24.15 -25.17 34.89 1729.35 49.8 -85.43 33.56 -42.75 23.55 -42.83 32.72 10.8 49.5 -51.3 32.54 741.0 1038.0 -721.89 34.0
87.9 -11.25 -31.46 34.73 1736.7 49.2 -86.88 33.78 -38.1 28.95 -32.43 32.68 9.3 52.95 -42.11 32.39 736.2 1038.45 -715.59 34.0
87.6 -15.6 -33.4 34.8 1732.35 47.55 -82.52 33.83 -37.05 24.9 -28.56 32.61 5.4 56.7 -41.38 32.61 736.5 1041.6 -707.85 34.2
86.85 -16.65 -27.83 34.78 1735.35 49.65 -83.73 33.74 -32.55 26.55 -38.96 32.68 4.05 53.85 -41.38 32.46 737.1 1038.75 -715.11 34.09
88.5 -10.65 -22.51 34.56 1735.65 46.5 -86.88 33.78 -40.2 24.45 -37.99 32.65 6.0 55.65 -41.62 32.5 735.15 1039.05 -712.45 34.2
85.2 -12.6 -35.33 34.87 1739.7 48.0 -81.07 33.89 -36.3 26.4 -42.59 32.74 12.75 62.25 -32.91 32.48 735.3 1041.15 -718.01 34.09
85.5 -17.7 -28.56 34.67 1733.1 45.45 -83.73 33.76 -35.4 27.6 -35.33 32.77 8.25 51.15 -50.34 32.48 738.3 1043.7 -709.3 34.0
84.15 -9.45 -29.28 34.8 1734.15 42.15 -90.27 33.65 -39.0 27.15 -36.3 32.83 4.35 57.0 -36.54 32.54 730.95 1039.2 -708.82 34.03
86.7 -13.8 -42.59 34.82 1738.2 50.1 -90.02 33.69 -40.5 33.0 -37.75 32.77 4.35 52.65 -41.38 32.35 728.4 1041.6 -709.06 33.85
85.35 -14.4 -29.77 34.71 1745.55 49.35 -89.54 33.74 -39.15 25.95 -41.14 32.79 7.2 54.75 -34.12 32.39 739.35 1039.05 -715.84 33.92
85.2 -10.8 -29.28 34.76 1735.8 55.35 -84.22 33.76 -42.0 28.2 -42.11 33.03 4.65 54.15 -39.69 32.32 741.6 1032.45 -715.59 33.87
88.65 -12.3 -36.3 34.78 1740.0 58.65 -94.38 33.87 -34.65 28.35 -40.41 32.77 4.2 51.3 -39.69 32.57 735.3 1034.85 -706.64 34.18
87.0 -13.2 -36.78 34.67 1738.65 51.0 -83.01 33.74 -34.65 23.1 -41.14 32.63 11.7 54.0 -44.53 32.48 737.4 1032.75 -712.21 33.96
82.2 -13.65 -37.51 34.71 1733.1 51.15 -88.81 33.85 -38.25 28.65 -35.57 32.81 6.45 45.0 -42.59 32.52 734.7 1034.55 -718.26 34.2
90.75 -13.05 -37.03 34.82 1729.95 50.25 -79.13 33.56 -41.55 26.7 -33.88 32.61 3.0 56.7 -40.41 32.39 735.0 1035.3 -719.47 34.14
91.05 -17.85 -32.19 34.93 1735.05 49.65 -93.65 33.78 -38.25 26.85 -38.72 32.88 4.5 47.25 -36.78 32.48 736.95 1035.45 -715.11 34.05
88.8 -18.0 -30.25 35.0 1726.65 60.45 -81.55 33.72 -40.95 24.6 -33.4 32.77 9.6 56.85 -39.2 32.5 736.2 1035.0 -716.8 34.0
90.3 -24.0 -15.73 34.87 1724.85 62.55 -87.6 33.58 -34.2 20.55 -30.73 32.81 6.6 54.0 -43.8 32.5 738.75 1035.0 -713.17 33.94
88.95 -21.15 -36.54 34.71 1728.45 50.25 -89.06 33.96 -38.7 23.7 -30.01 32.65 13.65 56.4 -45.01 32.5 737.4 1040.4 -712.69 33.89
88.95 -21.45 -34.85 34.76 1724.25 46.05 -77.92 33.85 -43.5 22.95 -30.98 32.61 15.15 50.55 -40.17 32.57 736.35 1042.35 -705.43 34.05
93.6 -21.0 -35.57 34.73 1721.4 44.25 -79.13 33.87 -39.0 24.0 -30.49 32.83 9.15 56.7 -43.56 32.43 741.15 1040.4 -711.0 33.96
85.35 -19.05 -24.2 34.62 1716.0 46.95 -81.07 33.78 -40.35 23.7 -26.14 32.63 6.15 56.55 -40.9 32.39 735.9 1040.7 -714.38 33.89
100.05 -22.2 -28.07 34.6 1714.8 61.8 -72.84 33.83 -35.1 26.85 -30.49 32.59 7.8 54.75 -42.11 32.26 738.15 1032.6 -714.14 34.14
89.1 -25.35 -28.56 34.62 1698.3 51.15 -60.98 33.81 -41.55 22.5 -43.56 32.83 9.15 48.0 -40.66 32.28 732.6 1042.65 -712.93 34.18
96.0 -22.2 -38.72 34.76 1694.55 54.6 -70.66 33.81 -36.9 23.25 -35.57 32.61 6.45 53.25 -43.56 32.61 735.0 1039.5 -716.56 34.34
85.8 -18.45 -23.47 34.8 1720.65 49.5 -60.5 33.69 -42.6 16.65 -36.54 32.65 14.7 51.15 -41.14 32.43 735.0 1038.6 -724.31 34.12
84.45 -19.95 -32.43 34.91 1715.1 43.5 -77.44 33.81 -45.3 20.25 -24.44 32.63 13.2 52.8 -38.96 32.41 731.85 1040.7 -720.92 33.89
88.65 -23.1 -37.51 34.82 1715.1 45.0 -68.0 33.63 -35.4 22.2 -39.2 32.77 11.4 56.55 -42.11 32.35 735.0 1042.2 -717.53 34.2
89.55 -24.6 -25.65 34.71 1710.9 48.0 -73.08 33.87 -37.8 25.05 -38.96 32.81 9.3 50.7 -51.55 32.35 738.15 1039.95 -716.56 33.89
85.05 -12.15 -29.52 34.69 1698.6 34.5 -68.73 33.83 -36.15 24.75 -30.98 32.74 4.35 56.55 -31.94 32.43 735.3 1040.55 -711.48 33.96
87.0 -19.95 -32.67 34.96 1703.55 37.8 -97.77 33.69 -41.1 20.55 -30.49 32.74 12.9 59.25 -38.96 32.28 733.05 1037.1 -709.3 33.94
89.1 -9.3 -29.04 34.78 1723.35 43.2 -96.32 33.76 -41.25 27.45 -40.66 32.72 2.85 51.45 -46.71 32.52 735.9 1031.7 -711.48 33.98
88.2 -12.75 -32.19 34.87 1729.8 37.5 -99.95 33.85 -42.75 27.45 -34.36 32.88 2.85 53.7 -48.88 32.54 739.8 1037.85 -717.29 34.12
81.6 -10.95 -37.03 34.78 1729.05 37.05 -95.35 33.72 -36.45 27.45 -36.3 32.7 5.85 52.05 -49.13 32.52 741.9 1033.5 -719.22 34.12
83.1 -6.75 -31.22 34.76 1731.45 34.95 -93.17 33.85 -42.75 27.9 -35.82 32.85 8.1 57.0 -42.59 32.46 741.6 1030.8 -720.68 34.03
82.8 -10.95 -34.85 34.67 1735.65 34.8 -92.44 33.94 -45.3 29.85 -38.48 32.7 -2.4 53.4 -48.4 32.37 737.1 1028.4 -726.24 34.14
84.9 -13.05 -36.78 34.87 1735.8 37.5 -95.11 33.67 -41.85 31.2 -37.99 32.5 2.55 51.6 -42.35 32.35 736.35 1035.45 -716.32 33.98
84.45 -8.85 -27.35 34.73 1737.6 41.4 -112.05 33.89 -42.6 30.9 -41.38 32.7 6.3 49.2 -49.61 32.39 737.85 1033.05 -715.35 34.03
86.7 -11.85 -34.85 34.54 1733.55 40.35 -108.66 33.58 -38.25 26.25 -45.5 32.7 3.9 47.55 -44.29 32.26 736.2 1035.75 -717.77 34.0
86.7 -10.5 -31.94 34.82 1730.25 35.55 -105.51 33.69 -43.65 28.65 -30.73 32.72 6.6 54.9 -47.67 32.37 741.3 1036.65 -727.94 33.98
84.75 -12.9 -43.08 34.67 1741.2 33.9 -103.82 33.76 -45.3 20.7 -40.66 32.85 7.2 52.5 -44.53 32.26 734.1 1037.55 -721.4 34.0
86.7 -11.4 -31.7 34.71 1744.65 29.55 -90.75 33.78 -41.85 24.9 -43.08 32.74 0.9 52.65 -48.4 32.26 739.95 1036.35 -716.32 34.36
85.8 -18.0 -31.7 34.8 1733.4 41.4 -108.66 33.78 -40.5 19.5 -37.75 32.59 4.05 53.1 -50.09 32.39 733.65 1042.05 -718.98 34.23
82.95 -20.1 -37.75 35.0 1726.95 44.1 -106.72 33.76 -42.6 19.2 -37.99 32.83 3.6 56.4 -50.09 32.26 735.9 1039.05 -707.12 33.98
84.15 -19.05 -33.4 34.6 1730.4 42.45 -110.11 33.74 -42.75 20.85 -38.48 32.83 8.4 48.75 -42.59 32.28 737.7 1042.35 -713.66 34.0
80.4 -13.5 -26.86 34.87 1734.6 33.6 -113.26 33.69 -38.4 22.5 -31.7 32.65 9.45 48.75 -47.67 32.26 734.7 1045.8 -714.63 34.14
87.45 -18.45 -30.49 34.73 1739.7 31.95 -106.72 33.78 -37.95 20.55 -31.22 32.77 10.5 44.25 -43.56 32.52 741.15 1042.05 -721.4 33.92
83.85 -19.8 -33.64 34.91 1734.45 36.45 -99.95 33.65 -42.6 19.2 -44.77 32.46 11.4 48.9 -44.04 32.35 740.85 1041.0 -708.82 34.34
88.05 -21.9 -25.65 34.49 1732.35 36.15 -99.95 33.85 -37.2 23.1 -37.27 32.77 17.1 52.05 -48.64 32.37 732.75 1039.95 -718.01 34.16
85.5 -19.65 -30.25 34.58 1726.95 42.6 -99.22 33.63 -43.65 22.95 -36.54 32.74 8.55 57.6 -47.92 32.52 737.4 1040.4 -713.66 34.18
88.65 -15.45 -27.35 34.65 1732.65 39.15 -109.87 33.63 -40.95 23.55 -35.09 32.65 6.3 51.9 -49.13 32.46 734.85 1037.7 -720.68 34.0
84.9 -14.25 -39.45 34.76 1730.55 38.4 -106.72 33.85 -39.9 22.65 -40.41 32.81 6.45 55.05 -51.3 32.46 739.5 1039.5 -720.43 34.03
84.9 -17.1 -40.66 34.76 1726.95 41.55 -112.53 33.78 -41.7 23.85 -45.5 32.68 6.3 50.1 -39.69 32.32 737.7 1039.95 -722.61 34.0
83.4 -19.65 -26.38 34.78 1737.6 43.35 -106.0 33.78 -39.3 24.6 -31.94 32.59 8.1 48.0 -54.21 32.39 738.3 1041.3 -717.05 34.05
85.65 -23.7 -31.94 34.73 1732.5 33.9 -113.01 33.69 -44.4 21.75 -38.96 32.68 9.45 48.6 -49.13 32.43 733.05 1039.5 -724.79 34.09
91.8 -19.35 -28.8 34.67 1731.75 33.9 -112.29 33.54 -37.5 25.35 -41.38 32.7 11.85 55.35 -46.22 32.39 733.05 1036.95 -720.92 34.14
90.45 -12.75 -35.82 35.0 1734.6 39.75 -103.33 33.61 -33.45 30.45 -42.35 32.81 -3.15 49.65 -41.62 32.37 730.35 1031.4 -710.27 34.14
89.1 -17.7 -32.43 35.0 1737.45 39.15 -107.45 33.92 -37.2 27.75 -42.83 32.79 5.55 47.25 -39.45 32.35 734.85 1037.25 -713.9 34.31
90.3 -15.9 -30.49 35.0 1739.4 35.55 -112.77 33.81 -37.35 29.7 -40.9 32.7 7.2 59.85 -37.27 32.46 735.0 1041.9 -713.42 33.96
87.75 -12.0 -39.69 34.82 1739.1 46.05 -105.03 33.78 -32.4 28.2 -35.57 32.77 4.65 54.9 -45.5 32.39 737.4 1035.75 -714.14 33.96
86.55 -9.15 -37.75 34.87 1737.3 36.75 -101.88 33.76 -39.6 24.3 -39.93 32.83 5.25 54.15 -42.11 32.57 740.85 1040.55 -708.09 34.0
86.55 -18.75 -31.94 34.54 1731.0 37.8 -102.61 33.78 -37.5 22.95 -38.72 32.77 10.05 55.05 -37.99 32.5 736.05 1035.6 -710.03 34.09
93.75 -21.0 -27.83 34.91 1728.75 31.2 -106.48 33.67 -42.9 22.35 -40.17 32.83 13.35 55.2 -45.25 32.43 732.75 1045.05 -708.82 34.27
87.75 -16.8 -35.09 34.73 1733.85 41.55 -102.85 33.69 -41.25 21.3 -35.33 32.61 12.15 47.4 -37.75 32.48 735.45 1043.7 -713.17 34.2
85.35 -20.7 -39.69 34.91 1734.75 40.8 -114.95 33.92 -44.7 25.2 -36.78 32.74 8.25 50.25 -36.78 32.39 740.85 1043.85 -706.4 34.05
87.9 -18.6 -25.89 34.8 1736.7 44.7 -117.61 33.74 -40.5 24.6 -33.4 32.5 13.95 49.8 -44.77 32.5 729.6 1039.05 -713.9 34.2
81.9 -10.95 -24.93 34.54 1738.8 40.5 -111.32 33.81 -40.5 19.5 -32.43 32.72 7.8 51.0 -43.32 32.57 733.2 1042.8 -709.79 34.03
91.8 -20.4 -22.99 34.69 1731.15 40.2 -105.51 33.65 -39.9 20.7 -35.82 32.85 12.45 54.6 -44.53 32.43 730.2 1045.65 -710.03 34.05
87.3 -21.75 -31.7 34.87 1730.7 41.7 -108.9 33.63 -37.35 16.8 -38.72 32.77 17.85 61.05 -34.36 32.48 736.5 1039.65 -716.32 34.09
86.55 -18.9 -30.73 34.8 1728.75 45.0 -105.75 33.58 -33.15 15.6 -35.33 32.59 12.75 57.45 -43.56 32.52 733.05 1043.25 -716.32 34.09
88.95 -22.65 -23.23 34.69 1720.2 46.35 -113.98 33.67 -35.25 21.75 -30.01 32.65 16.05 45.15 -37.75 32.39 736.05 1037.1 -717.29 33.96
92.7 -21.9 -38.48 35.0 1718.85 51.6 -112.29 33.58 -40.8 25.95 -30.25 32.83 12.75 55.95 -28.07 32.57 737.4 1045.8 -714.14 33.96
79.35 -22.5 -34.85 34.69 1726.95 45.75 -108.9 33.65 -41.7 22.2 -45.74 32.72 11.1 52.5 -43.8 32.35 739.5 1039.05 -711.48 34.14
88.65 -26.7 -32.43 34.78 1725.45 36.45 -98.49 33.65 -40.5 22.35 -35.09 32.65 16.95 52.95 -46.22 32.5 737.7 1042.95 -712.93 34.05
85.5 -25.35 -33.15 34.78 1713.9 39.9 -92.44 33.74 -41.25 24.75 -43.08 32.72 13.5 54.9 -39.69 32.59 737.25 1039.05 -714.14 34.14
92.85 -22.8 -31.7 34.91 1692.45 44.4 -85.43 33.78 -39.9 23.1 -34.61 32.81 12.15 55.8 -44.77 32.52 732.45 1039.2 -720.92 34.09
85.35 -24.15 -33.88 34.69 1663.35 44.25 -80.83 33.63 -40.5 24.75 -33.15 32.43 7.8 53.55 -45.25 32.5 742.65 1038.6 -707.61 34.16
87.6 -27.75 -22.99 34.82 1611.45 48.9 -66.79 33.81 -43.95 21.3 -30.73 32.63 14.55 51.75 -40.9 32.48 738.45 1039.95 -715.35 34.0
81.6 -17.7 -27.59 34.56 1606.65 52.95 -66.07 33.61 -34.35 23.55 -26.14 32.81 13.35 50.25 -46.46 32.72 738.3 1036.05 -706.64 34.05
91.65 -17.55 -36.06 34.8 1711.05 41.4 -65.82 33.76 -42.0 22.35 -29.28 32.85 12.0 49.05 -39.93 32.63 738.75 1040.4 -720.92 34.23
85.2 -16.95 -24.93 34.65 1709.85 35.4 -80.34 33.65 -42.15 16.8 -29.28 32.94 13.5 53.85 -40.66 32.54 742.35 1040.1 -713.9 34.07
82.95 -19.05 -28.56 34.65 1698.3 31.65 -95.59 33.61 -36.6 22.5 -32.19 32.88 7.5 56.7 -40.66 32.5 737.55 1043.25 -717.05 34.03
85.65 -26.1 -31.7 34.82 1674.75 17.4 -114.22 33.74 -41.7 20.7 -38.96 32.94 12.9 52.5 -42.59 32.43 740.4 1042.05 -708.82 34.03
87.0 -18.9 -25.41 34.8 1627.95 5.1 -148.1 33.63 -36.6 23.25 -29.77 32.85 11.85 51.3 -40.66 32.59 740.85 1044.9 -714.63 34.29
90.45 -20.7 -28.07 34.51 1615.5 -0.9 -183.68 33.67 -36.3 20.7 -28.31 32.83 12.75 49.65 -54.21 32.54 736.05 1046.55 -711.24 34.25
80.1 -19.65 -35.33 34.78 1712.1 21.3 -135.52 33.52 -39.9 16.95 -29.28 32.68 12.3 55.05 -47.92 32.43 735.45 1038.6 -706.64 34.07
88.65 -20.55 -27.59 34.8 1720.95 12.6 -136.97 33.89 -40.05 18.0 -43.8 32.7 15.45 51.75 -46.95 32.59 739.05 1042.05 -714.87 33.96
87.6 -24.9 -21.54 34.82 1724.4 7.05 -122.45 33.74 -41.25 17.7 -26.14 32.72 15.3 51.3 -42.59 32.59 740.1 1045.8 -718.98 33.98
88.05 -21.9 -22.26 34.54 1740.45 4.35 -134.79 33.65 -41.25 22.5 -29.77 32.65 15.45 49.65 -50.09 32.61 736.2 1048.35 -712.21 33.98
85.95 -15.6 -26.86 34.65 1743.45 -10.95 -131.89 33.76 -41.85 21.0 -32.43 32.68 11.55 57.15 -41.87 32.41 738.0 1046.4 -711.0 33.89
89.7 -19.35 -28.31 34.6 1745.7 -10.05 -151.49 33.65 -38.55 13.95 -23.23 32.68 12.9 50.25 -39.69 32.59 736.2 1043.55 -714.63 34.0
85.95 -16.35 -39.69 34.51 1740.3 18.45 -165.77 33.65 -38.7 23.7 -29.28 32.61 7.5 50.55 -48.16 32.39 737.7 1039.8 -711.72 34.14
87.9 -19.5 -28.31 34.76 1739.25 13.65 -153.91 33.58 -36.6 25.2 -34.12 32.77 4.5 55.2 -40.66 32.32 738.3 1033.5 -715.11 34.16
88.5 -13.95 -33.4 34.76 1747.65 10.5 -151.01 33.69 -43.8 25.35 -32.67 32.72 9.75 52.95 -49.37 32.48 738.6 1045.5 -710.27 34.12
85.5 -19.5 -28.07 34.82 1755.9 4.65 -148.35 33.56 -42.9 20.1 -27.83 32.85 8.1 53.85 -51.3 32.32 742.05 1038.3 -710.51 34.2
82.8 -21.15 -34.85 34.85 1752.9 -0.3 -137.94 33.58 -37.95 10.65 -38.72 32.68 8.85 50.55 -39.69 32.39 745.8 1040.25 -720.92 34.07
78.45 -23.55 -22.51 34.78 1750.35 12.3 -166.25 33.69 -37.5 22.2 -29.28 32.65 7.65 48.6 -43.8 32.35 736.35 1040.25 -709.79 34.31
90.3 -13.95 -34.85 34.91 1742.85 16.8 -175.21 33.69 -38.85 30.3 -42.35 32.81 8.7 50.4 -48.16 32.48 741.75 1033.2 -715.59 34.09
88.05 -17.1 -34.61 34.6 1743.45 18.9 -160.69 33.72 -46.35 27.0 -31.46 32.61 9.15 50.55 -41.62 32.54 739.05 1036.65 -722.37 34.07
87.15 -18.45 -28.8 34.69 1743.75 12.9 -165.04 33.74 -42.75 22.2 -35.09 32.61 7.95 48.0 -54.93 32.61 734.1 1041.45 -720.92 34.16
81.9 -14.85 -30.01 34.67 1744.65 10.2 -148.1 33.52 -39.9 12.6 -37.27 32.7 6.3 53.4 -48.16 32.59 737.7 1045.95 -716.32 33.92
83.55 -16.05 -29.52 34.69 1749.3 9.75 -150.52 33.58 -42.6 17.85 -34.61 32.54 8.4 49.8 -50.58 32.37 735.9 1043.25 -720.43 34.0
87.3 -15.6 -25.65 34.62 1747.05 6.75 -160.69 33.65 -45.15 24.3 -33.15 32.72 13.05 53.4 -35.33 32.39 739.05 1044.15 -716.8 34.05
83.1 -20.85 -37.03 34.6 1741.2 15.75 -160.45 33.85 -45.45 17.85 -33.15 32.9 12.3 49.35 -49.13 32.5 734.55 1037.7 -713.66 33.96
82.5 -14.4 -31.7 34.78 1744.65 10.65 -163.35 33.69 -42.15 22.2 -35.33 32.77 9.75 45.6 -46.95 32.54 739.95 1041.75 -721.4 34.05
85.95 -19.5 -26.14 34.67 1741.05 11.1 -159.96 33.89 -41.4 23.85 -36.06 32.81 9.0 56.4 -55.42 32.5 744.0 1038.0 -723.1 34.16
86.55 -21.75 -33.4 34.8 1742.25 20.4 -149.56 33.81 -36.0 18.3 -26.38 32.61 10.35 53.7 -52.76 32.35 741.45 1040.1 -721.89 34.2
77.7 -19.35 -28.56 34.93 1735.05 15.15 -153.67 33.81 -46.95 21.0 -43.08 32.81 9.9 54.3 -51.79 32.59 738.45 1046.55 -718.5 34.18
89.85 -22.2 -35.57 34.91 1734.3 12.0 -165.77 33.63 -40.8 17.1 -34.85 32.92 12.0 49.8 -49.85 32.61 741.6 1044.9 -714.38 34.12
86.1 -20.55 -32.91 34.78 1746.45 11.25 -146.17 33.83 -36.0 21.9 -43.32 32.65 4.05 49.65 -44.04 32.46 738.0 1039.35 -706.88 34.09
87.45 -10.2 -30.01 34.78 1744.5 16.95 -163.83 33.63 -40.8 25.5 -38.48 32.79 9.6 56.1 -40.17 32.65 740.85 1044.45 -724.06 34.09
84.75 -15.15 -27.59 34.89 1747.8 14.25 -149.56 33.69 -39.6 28.35 -28.8 32.7 4.8 52.8 -28.8 32.43 735.3 1038.15 -720.68 33.89
87.9 -20.55 -26.86 34.78 1742.85 7.65 -161.17 33.69 -40.65 22.2 -30.98 32.68 12.6 47.4 -44.53 32.41 740.7 1042.95 -714.38 34.34
88.5 -21.0 -27.83 34.8 1747.65 8.55 -154.4 33.98 -38.55 21.9 -36.54 32.46 9.0 52.05 -38.24 32.57 733.65 1042.05 -716.56 33.94
90.0 -14.7 -32.91 34.58 1743.75 13.8 -152.94 33.81 -37.5 20.85 -39.45 32.81 10.05 51.0 -42.11 32.54 739.05 1037.85 -712.93 34.31
90.3 -13.35 -32.91 34.8 1744.5 6.3 -154.88 33.69 -38.4 25.5 -41.14 32.74 4.2 49.65 -42.35 32.32 740.55 1037.85 -718.98 34.03
93.15 -20.1 -26.86 34.62 1741.35 10.95 -158.99 33.83 -39.75 21.0 -41.14 32.79 13.95 49.05 -40.66 32.43 735.0 1040.4 -721.16 34.09
79.95 -18.0 -36.06 35.04 1753.8 11.7 -154.4 33.69 -38.55 24.6 -34.36 32.39 11.85 55.2 -38.48 32.61 732.9 1041.15 -712.93 33.96
85.2 -8.7 -29.52 34.89 1751.4 14.85 -159.24 33.96 -33.0 21.75 -37.99 32.54 11.25 49.65 -39.2 32.41 741.3 1041.3 -702.28 33.98
75.75 -19.05 -23.96 34.87 1747.2 19.35 -162.87 33.69 -40.35 25.35 -43.8 32.48 7.05 52.5 -43.32 32.35 735.6 1038.9 -714.38 34.07
86.25 -13.65 -36.3 34.91 1755.15 14.25 -161.66 33.54 -34.05 30.6 -44.77 32.72 9.3 52.35 -40.9 32.57 739.35 1036.35 -706.88 33.96
86.4 -15.15 -33.4 34.93 1745.1 14.7 -154.4 33.94 -43.5 19.5 -30.49 32.79 8.7 52.95 -50.34 32.35 739.65 1036.8 -713.17 34.14
89.4 -10.2 -34.85 34.91 1754.55 16.05 -161.17 33.69 -42.15 26.85 -36.3 32.65 10.5 48.3 -45.25 32.37 736.05 1035.0 -708.58 34.34
82.8 -13.8 -35.33 34.76 1752.15 17.25 -168.19 33.83 -34.5 21.6 -36.54 32.43 6.9 48.6 -38.72 32.46 741.3 1035.6 -712.69 33.87
81.9 -10.2 -35.09 34.87 1759.2 24.15 -158.51 33.85 -40.35 29.1 -49.13 32.65 9.3 53.4 -42.83 32.32 734.85 1037.85 -710.75 34.16
84.6 -12.45 -36.06 34.78 1762.65 33.9 -149.8 33.72 -44.1 19.8 -34.36 32.63 11.7 49.05 -46.71 32.57 736.95 1037.4 -722.61 34.05
87.0 -14.4 -24.93 34.8 1772.1 40.5 -141.81 33.78 -45.15 27.3 -40.17 32.68 9.6 53.7 -31.22 32.72 736.95 1044.45 -716.32 34.18
82.65 -16.8 -27.83 34.76 1773.6 25.35 -123.18 33.89 -35.25 18.15 -37.99 32.65 12.6 52.8 -35.33 32.61 736.5 1034.85 -718.74 34.25
86.85 -19.2 -40.9 34.71 1762.8 32.7 -117.61 33.92 -45.75 19.05 -47.43 32.63 10.5 49.2 -40.17 32.28 742.5 1039.95 -711.96 33.85
87.3 -23.85 -32.67 34.6 1763.85 34.8 -122.21 34.03 -34.05 27.3 -32.43 32.74 7.5 53.1 -44.53 32.3 738.3 1041.6 -715.59 34.09
84.3 -16.95 -25.89 34.91 1742.1 46.8 -87.6 34.12 -44.55 19.5 -37.27 32.63 4.95 53.55 -41.38 32.21 729.9 1033.95 -711.0 34.0
90.6 -14.55 -26.62 34.82 1733.25 55.35 -57.6 33.74 -41.55 17.7 -37.99 32.5 7.5 47.55 -30.49 32.35 741.6 1044.45 -709.54 33.98
86.4 -19.35 -30.25 34.85 1723.05 56.55 -53.97 33.87 -47.1 20.1 -32.43 32.94 8.85 48.45 -40.41 32.5 735.0 1045.2 -700.59 34.12
84.3 -19.2 -35.57 35.0 1758.15 42.6 -60.74 33.78 -43.35 18.6 -29.28 32.83 15.15 48.9 -40.9 32.41 735.75 1041.6 -712.45 34.03
83.25 -17.85 -23.72 34.65 1755.0 42.15 -67.52 33.92 -39.6 17.85 -27.1 32.79 16.65 51.9 -34.12 32.35 740.25 1045.8 -721.16 34.03
82.65 -20.7 -22.51 34.89 1759.65 39.0 -63.16 33.89 -50.25 14.55 -36.06 32.63 10.5 49.95 -37.99 32.46 737.25 1043.7 -718.74 33.92
89.85 -17.4 -31.46 34.78 1761.3 29.55 -66.07 33.81 -45.9 14.7 -33.88 32.59 12.9 47.85 -39.2 32.48 739.65 1042.05 -718.98 34.0
84.75 -19.2 -27.1 34.76 1750.05 6.75 -77.2 33.92 -36.6 18.75 -26.38 32.72 12.9 53.7 -45.01 32.3 742.5 1040.55 -717.29 33.92
77.85 -17.25 -26.14 34.85 1745.7 -15.15 -134.79 33.72 -37.05 18.6 -35.57 32.61 9.75 48.6 -41.38 32.39 734.55 1045.2 -711.48 34.05
85.95 -18.3 -30.25 34.8 1778.1 -6.6 -125.11 33.92 -34.05 21.3 -36.54 32.52 12.45 48.75 -45.25 32.54 736.65 1039.95 -716.56 34.18
88.65 -19.95 -33.64 34.98 1785.0 -3.75 -115.19 33.85 -42.9 22.2 -39.2 32.77 12.15 49.35 -52.51 32.46 738.75 1042.05 -716.32 34.0
80.1 -17.4 -28.31 34.69 1787.4 -5.55 -104.79 33.92 -42.0 19.05 -35.33 32.85 4.2 47.4 -46.46 32.54 741.6 1046.85 -714.87 34.14
88.35 -12.15 -29.04 35.0 1813.05 -24.45 -113.01 33.85 -38.25 19.95 -38.72 32.92 10.65 45.75 -45.5 32.35 745.65 1040.1 -716.08 34.27
85.95 -15.3 -30.98 34.6 1826.4 -19.5 -106.72 33.92 -43.35 20.7 -34.12 32.48 12.9 52.95 -53.24 32.43 739.8 1039.2 -715.35 34.29
81.6 -18.3 -28.56 34.82 1820.55 -21.9 -143.75 33.94 -46.05 23.85 -31.22 32.77 8.55 55.8 -47.92 32.32 740.55 1037.25 -715.35 33.92
87.15 -15.3 -43.08 34.82 1802.4 -7.65 -159.96 33.69 -43.05 24.15 -32.43 32.68 6.45 48.6 -45.25 32.39 740.55 1039.8 -717.05 34.09
87.15 -13.65 -36.3 34.96 1803.45 -9.45 -155.61 33.85 -39.45 25.35 -37.75 32.77 11.1 49.95 -49.37 32.37 735.9 1044.3 -722.13 34.09
81.9 -21.45 -29.04 35.0 1810.2 -14.55 -158.99 33.58 -37.5 23.25 -42.35 32.59 14.25 46.8 -53.24 32.37 733.95 1042.05 -721.4 34.38
84.0 -18.45 -37.51 34.67 1817.55 -20.85 -150.04 33.65 -41.55 27.75 -37.51 33.01 8.85 49.65 -45.25 32.61 738.75 1036.2 -720.43 34.23
83.1 -22.95 -33.88 34.73 1825.5 -22.2 -143.02 33.54 -43.95 24.6 -37.03 32.57 4.8 54.0 -49.37 32.61 740.7 1039.05 -711.0 34.03
87.75 -18.0 -37.51 34.87 1807.5 -8.25 -156.82 33.58 -39.3 24.0 -30.98 32.81 6.3 49.35 -44.04 32.46 742.95 1035.3 -718.5 34.09
83.1 -11.1 -44.77 34.91 1806.75 -8.25 -154.88 33.87 -33.6 24.45 -31.46 32.65 10.2 52.05 -46.71 32.28 744.45 1038.6 -721.64 34.07
84.3 -12.3 -31.22 34.78 1804.2 -11.55 -160.45 33.5 -40.05 20.25 -28.56 32.83 0.75 47.25 -52.51 32.37 740.85 1033.2 -715.35 34.03
88.95 -14.25 -37.03 34.96 1801.2 -10.8 -156.82 33.76 -47.4 22.35 -37.99 32.72 10.35 51.45 -47.67 32.19 737.4 1032.9 -712.93 33.96
87.3 -19.5 -33.88 34.96 1799.1 -7.5 -161.17 33.65 -37.8 22.5 -32.91 32.74 -2.1 48.3 -51.79 32.37 737.85 1035.0 -712.21 34.25
83.4 -16.5 -36.3 34.54 1801.65 -6.15 -152.46 33.63 -43.95 28.05 -46.22 32.65 2.4 46.2 -48.4 32.32 741.6 1036.5 -721.4 34.07
78.0 -11.7 -35.09 35.02 1801.5 -4.35 -162.14 33.74 -42.9 27.75 -33.4 32.68 0.0 42.3 -52.76 32.5 744.3 1033.95 -717.05 34.0
83.55 -15.75 -33.88 34.89 1800.6 -3.15 -156.82 33.85 -44.4 24.3 -36.06 32.74 3.45 49.95 -55.18 32.28 746.1 1039.95 -721.16 34.09
81.9 -15.45 -47.43 34.56 1803.3 -2.55 -157.3 33.65 -42.75 24.6 -35.82 32.52 4.5 54.15 -52.27 32.5 737.55 1037.4 -717.77 34.34
83.25 -13.35 -28.31 34.87 1801.5 -7.95 -158.75 33.54 -41.7 24.9 -37.99 32.85 4.65 48.3 -48.4 32.54 739.8 1033.8 -714.87 34.16
86.7 -10.35 -34.61 34.98 1804.2 -10.95 -158.27 33.74 -37.95 18.45 -43.56 32.68 2.85 51.15 -45.74 32.61 738.0 1038.45 -718.74 34.12
83.25 -13.95 -36.54 34.71 1804.8 -5.25 -154.88 33.96 -39.3 24.3 -45.74 32.92 5.25 48.6 -54.93 32.37 736.65 1042.95 -726.48 34.05
