10.0 10.0 0.0
10.0 10.0 0.0
10.0 10.0 0.0
10.0 10.0 0.0
10.0 10.0 0.0
10.0 10.0 0.0
10.0 10.0 0.0
10.0 10.0 0.0
10.0 10.0 0.0
10.0 10.0 0.0
10.0 10.0 0.0
10.0 10.0 0.0
10.0 10.0 0.0
10.0 10.0 0.0
2.0 6.0 2.0
2.0 6.0 3.0
2.0 6.0 6.0
2.0 6.0 12.0
2.0 8.0 2.0
2.0 8.0 3.0
2.0 8.0 7.0
2.0 8.0 15.0
2.0 8.0 24.0
2.0 8.0 32.0
2.0 10.0 4.0
2.0 10.0 7.0
2.0 10.0 15.0
2.0 10.0 25.0
2.0 10.0 34.0
2.0 10.0 44.0
2.0 12.0 2.0
2.0 12.0 5.0
2.0 12.0 8.0
2.0 12.0 16.0
2.0 12.0 21.0
2.0 12.0 28.0
10.0 10.0 0.0
10.0 10.0 0.0
2.0 14.0 2.0
2.0 14.0 3.0
2.0 14.0 5.0
2.0 14.0 12.0
10.0 10.0 0.0
10.0 10.0 0.0
10.0 10.0 0.0
10.0 10.0 0.0
10.0 10.0 0.0
10.0 10.0 0.0
10.0 10.0 0.0
10.0 10.0 0.0
10.0 10.0 0.0
10.0 10.0 0.0
10.0 10.0 0.0
10.0 10.0 0.0
10.0 10.0 0.0
10.0 10.0 0.0
10.0 10.0 0.0
10.0 10.0 0.0
10.0 10.0 0.0
10.0 10.0 0.0
10.0 10.0 0.0
10.0 10.0 0.0
10.0 10.0 0.0
4.0 4.0 2.0
4.0 4.0 5.0
4.0 4.0 7.0
10.0 10.0 0.0
4.0 6.0 2.0
4.0 6.0 5.0
4.0 6.0 8.0
4.0 6.0 15.0
4.0 6.0 22.0
4.0 8.0 3.0
4.0 8.0 5.0
4.0 8.0 12.0
4.0 8.0 22.0
4.0 8.0 29.0
4.0 8.0 39.0
4.0 10.0 6.0
4.0 10.0 10.0
4.0 10.0 19.0
4.0 10.0 25.0
4.0 10.0 39.0
4.0 10.0 43.0
4.0 12.0 3.0
4.0 12.0 5.0
4.0 12.0 12.0
4.0 12.0 20.0
4.0 12.0 26.0
4.0 12.0 35.0
10.0 10.0 0.0
4.0 14.0 2.0
4.0 14.0 4.0
4.0 14.0 7.0
4.0 14.0 13.0
4.0 14.0 17.0
10.0 10.0 0.0
10.0 10.0 0.0
10.0 10.0 0.0
4.0 16.0 2.0
4.0 16.0 3.0
4.0 16.0 5.0
10.0 10.0 0.0
10.0 10.0 0.0
10.0 10.0 0.0
10.0 10.0 0.0
10.0 10.0 0.0
10.0 10.0 0.0
10.0 10.0 0.0
10.0 10.0 0.0
10.0 10.0 0.0
6.0 2.0 3.0
6.0 2.0 6.0
6.0 2.0 10.0
10.0 10.0 0.0
6.0 4.0 3.0
6.0 4.0 4.0
6.0 4.0 6.0
6.0 4.0 12.0
6.0 4.0 19.0
10.0 10.0 0.0
6.0 6.0 4.0
6.0 6.0 8.0
6.0 6.0 14.0
6.0 6.0 21.0
6.0 6.0 25.0
6.0 8.0 5.0
6.0 8.0 8.0
6.0 8.0 15.0
6.0 8.0 22.0
6.0 8.0 27.0
6.0 8.0 34.0
6.0 10.0 4.0
6.0 10.0 11.0
6.0 10.0 18.0
6.0 10.0 23.0
6.0 10.0 32.0
6.0 10.0 41.0
6.0 12.0 4.0
6.0 12.0 7.0
6.0 12.0 14.0
6.0 12.0 19.0
6.0 12.0 23.0
6.0 12.0 31.0
6.0 14.0 2.0
6.0 14.0 4.0
6.0 14.0 7.0
6.0 14.0 12.0
6.0 14.0 17.0
6.0 14.0 24.0
10.0 10.0 0.0
10.0 10.0 0.0
6.0 16.0 3.0
6.0 16.0 5.0
6.0 16.0 9.0
6.0 16.0 16.0
10.0 10.0 0.0
10.0 10.0 0.0
10.0 10.0 0.0
6.0 18.0 2.0
6.0 18.0 3.0
6.0 18.0 5.0
10.0 10.0 0.0
8.0 2.0 2.0
8.0 2.0 5.0
8.0 2.0 11.0
8.0 2.0 18.0
8.0 2.0 25.0
8.0 4.0 2.0
8.0 4.0 4.0
8.0 4.0 9.0
8.0 4.0 16.0
8.0 4.0 23.0
8.0 4.0 32.0
8.0 6.0 4.0
8.0 6.0 5.0
8.0 6.0 11.0
8.0 6.0 19.0
8.0 6.0 24.0
8.0 6.0 34.0
8.0 8.0 5.0
8.0 8.0 10.0
8.0 8.0 17.0
8.0 8.0 23.0
8.0 8.0 32.0
8.0 8.0 41.0
8.0 10.0 6.0
8.0 10.0 12.0
8.0 10.0 19.0
8.0 10.0 24.0
8.0 10.0 34.0
8.0 10.0 40.0
8.0 12.0 6.0
8.0 12.0 9.0
8.0 12.0 17.0
8.0 12.0 21.0
8.0 12.0 28.0
8.0 12.0 36.0
8.0 14.0 3.0
8.0 14.0 5.0
8.0 14.0 13.0
8.0 14.0 21.0
8.0 14.0 21.0
8.0 14.0 28.0
8.0 16.0 2.0
8.0 16.0 3.0
8.0 16.0 9.0
8.0 16.0 16.0
8.0 16.0 22.0
8.0 16.0 29.0
10.0 10.0 0.0
8.0 18.0 2.0
8.0 18.0 4.0
8.0 18.0 8.0
8.0 18.0 13.0
8.0 18.0 18.0
10.0 10.0 0.0
10.0 2.0 3.0
10.0 2.0 5.0
10.0 2.0 12.0
10.0 2.0 18.0
10.0 2.0 24.0
10.0 4.0 2.0
10.0 4.0 4.0
10.0 4.0 10.0
10.0 4.0 17.0
10.0 4.0 24.0
10.0 4.0 31.0
10.0 6.0 4.0
10.0 6.0 5.0
10.0 6.0 12.0
10.0 6.0 20.0
10.0 6.0 23.0
10.0 6.0 30.0
10.0 8.0 6.0
10.0 8.0 11.0
10.0 8.0 18.0
10.0 8.0 23.0
10.0 8.0 29.0
10.0 8.0 36.0
10.0 10.0 6.0
10.0 10.0 12.0
10.0 10.0 19.0
10.0 10.0 24.0
10.0 10.0 33.0
10.0 10.0 42.0
10.0 12.0 6.0
10.0 12.0 9.0
10.0 12.0 17.0
10.0 12.0 23.0
10.0 12.0 29.0
10.0 12.0 36.0
10.0 14.0 4.0
10.0 14.0 5.0
10.0 14.0 12.0
10.0 14.0 19.0
10.0 14.0 24.0
10.0 14.0 32.0
10.0 16.0 3.0
10.0 16.0 5.0
10.0 16.0 11.0
10.0 16.0 19.0
10.0 16.0 24.0
10.0 16.0 34.0
10.0 18.0 2.0
10.0 18.0 3.0
10.0 18.0 5.0
10.0 18.0 11.0
10.0 18.0 18.0
10.0 18.0 23.0
10.0 10.0 0.0
12.0 2.0 2.0
12.0 2.0 4.0
12.0 2.0 5.0
12.0 2.0 12.0
12.0 2.0 18.0
12.0 4.0 2.0
12.0 4.0 3.0
12.0 4.0 5.0
12.0 4.0 10.0
12.0 4.0 17.0
12.0 4.0 22.0
12.0 6.0 3.0
12.0 6.0 5.0
12.0 6.0 9.0
12.0 6.0 14.0
12.0 6.0 21.0
12.0 6.0 23.0
12.0 8.0 4.0
12.0 8.0 6.0
12.0 8.0 13.0
12.0 8.0 21.0
12.0 8.0 24.0
12.0 8.0 30.0
12.0 10.0 7.0
12.0 10.0 10.0
12.0 10.0 17.0
12.0 10.0 23.0
12.0 10.0 28.0
12.0 10.0 35.0
12.0 12.0 4.0
12.0 12.0 7.0
12.0 12.0 14.0
12.0 12.0 20.0
12.0 12.0 26.0
12.0 12.0 33.0
12.0 14.0 3.0
12.0 14.0 6.0
12.0 14.0 9.0
12.0 14.0 17.0
12.0 14.0 22.0
12.0 14.0 25.0
12.0 16.0 2.0
12.0 16.0 3.0
12.0 16.0 5.0
12.0 16.0 12.0
12.0 16.0 18.0
12.0 16.0 23.0
10.0 10.0 0.0
12.0 18.0 2.0
12.0 18.0 3.0
12.0 18.0 5.0
12.0 18.0 12.0
12.0 18.0 16.0
10.0 10.0 0.0
10.0 10.0 0.0
10.0 10.0 0.0
14.0 2.0 2.0
14.0 2.0 3.0
14.0 2.0 5.0
10.0 10.0 0.0
10.0 10.0 0.0
14.0 4.0 3.0
14.0 4.0 6.0
14.0 4.0 9.0
14.0 4.0 14.0
14.0 6.0 2.0
14.0 6.0 3.0
14.0 6.0 5.0
14.0 6.0 10.0
14.0 6.0 16.0
14.0 6.0 21.0
14.0 8.0 3.0
14.0 8.0 5.0
14.0 8.0 12.0
14.0 8.0 18.0
14.0 8.0 24.0
14.0 8.0 29.0
14.0 10.0 4.0
14.0 10.0 9.0
14.0 10.0 16.0
14.0 10.0 23.0
14.0 10.0 27.0
14.0 10.0 34.0
14.0 12.0 4.0
14.0 12.0 5.0
14.0 12.0 12.0
14.0 12.0 19.0
14.0 12.0 23.0
14.0 12.0 28.0
10.0 10.0 0.0
14.0 14.0 3.0
14.0 14.0 5.0
14.0 14.0 10.0
14.0 14.0 15.0
14.0 14.0 19.0
10.0 10.0 0.0
10.0 10.0 0.0
14.0 16.0 2.0
14.0 16.0 3.0
14.0 16.0 6.0
14.0 16.0 11.0
10.0 10.0 0.0
10.0 10.0 0.0
10.0 10.0 0.0
14.0 18.0 2.0
14.0 18.0 3.0
14.0 18.0 6.0
10.0 10.0 0.0
10.0 10.0 0.0
10.0 10.0 0.0
10.0 10.0 0.0
10.0 10.0 0.0
10.0 10.0 0.0
10.0 10.0 0.0
10.0 10.0 0.0
10.0 10.0 0.0
16.0 4.0 2.0
16.0 4.0 3.0
16.0 4.0 6.0
10.0 10.0 0.0
16.0 6.0 2.0
16.0 6.0 5.0
16.0 6.0 8.0
16.0 6.0 15.0
16.0 6.0 20.0
16.0 8.0 3.0
16.0 8.0 5.0
16.0 8.0 13.0
16.0 8.0 19.0
16.0 8.0 25.0
16.0 8.0 31.0
16.0 10.0 4.0
16.0 10.0 9.0
16.0 10.0 16.0
16.0 10.0 22.0
16.0 10.0 31.0
16.0 10.0 39.0
16.0 12.0 3.0
16.0 12.0 5.0
16.0 12.0 10.0
16.0 12.0 18.0
16.0 12.0 22.0
16.0 12.0 25.0
10.0 10.0 0.0
10.0 10.0 0.0
16.0 14.0 3.0
16.0 14.0 5.0
16.0 14.0 8.0
16.0 14.0 12.0
10.0 10.0 0.0
10.0 10.0 0.0
10.0 10.0 0.0
10.0 10.0 0.0
16.0 16.0 3.0
16.0 16.0 4.0
10.0 10.0 0.0
10.0 10.0 0.0
10.0 10.0 0.0
10.0 10.0 0.0
10.0 10.0 0.0
10.0 10.0 0.0
10.0 10.0 0.0
10.0 10.0 0.0
10.0 10.0 0.0
10.0 10.0 0.0
10.0 10.0 0.0
10.0 10.0 0.0
10.0 10.0 0.0
10.0 10.0 0.0
10.0 10.0 0.0
10.0 10.0 0.0
10.0 10.0 0.0
18.0 4.0 2.0
10.0 10.0 0.0
10.0 10.0 0.0
18.0 6.0 2.0
18.0 6.0 5.0
18.0 6.0 8.0
18.0 6.0 16.0
18.0 8.0 2.0
18.0 8.0 4.0
18.0 8.0 5.0
18.0 8.0 12.0
18.0 8.0 19.0
18.0 8.0 24.0
18.0 10.0 3.0
18.0 10.0 3.0
18.0 10.0 9.0
18.0 10.0 16.0
18.0 10.0 23.0
18.0 10.0 26.0
10.0 10.0 0.0
10.0 10.0 0.0
18.0 12.0 4.0
18.0 12.0 6.0
18.0 12.0 12.0
18.0 12.0 18.0
10.0 10.0 0.0
10.0 10.0 0.0
10.0 10.0 0.0
18.0 14.0 2.0
18.0 14.0 4.0
18.0 14.0 5.0
10.0 10.0 0.0
10.0 10.0 0.0
10.0 10.0 0.0
10.0 10.0 0.0
10.0 10.0 0.0
10.0 10.0 0.0
10.0 10.0 0.0
10.0 10.0 0.0
10.0 10.0 0.0
10.0 10.0 0.0
10.0 10.0 0.0
10.0 10.0 0.0
