0.0 0.0 0.0
2.11 4.22 0.06
2.11 4.22 0.2
2.11 4.22 0.36
2.11 4.22 0.7
0.0 0.0 0.0
2.11 6.33 0.06
2.11 6.33 0.36
2.11 6.33 0.68
2.11 6.33 1.16
2.11 6.33 1.78
0.0 0.0 0.0
2.11 8.44 0.24
2.11 8.44 0.74
2.11 8.44 1.32
2.11 8.44 2.02
2.11 8.44 2.92
0.0 0.0 0.0
2.11 10.56 0.26
2.11 10.56 0.74
2.11 10.56 1.38
2.11 10.56 2.22
2.11 10.56 3.3
0.0 0.0 0.0
2.11 12.67 0.06
2.11 12.67 0.3
2.11 12.67 0.68
2.11 12.67 1.22
2.11 12.67 1.94
0.0 0.0 0.0
0.0 0.0 0.0
0.0 0.0 0.0
0.0 0.0 0.0
0.0 0.0 0.0
0.0 0.0 0.0
0.0 0.0 0.0
0.0 0.0 0.0
4.22 2.11 0.04
4.22 2.11 0.16
4.22 2.11 0.34
4.22 2.11 0.64
0.0 0.0 0.0
0.0 0.0 0.0
4.22 4.22 0.16
4.22 4.22 0.38
4.22 4.22 0.68
4.22 4.22 1.22
0.0 0.0 0.0
4.22 6.33 0.16
4.22 6.33 0.48
4.22 6.33 0.86
4.22 6.33 1.36
4.22 6.33 2.02
0.0 0.0 0.0
4.22 8.44 0.34
4.22 8.44 0.86
4.22 8.44 1.46
4.22 8.44 2.22
4.22 8.44 3.1
0.0 0.0 0.0
4.22 10.56 0.32
4.22 10.56 0.84
4.22 10.56 1.5
4.22 10.56 2.38
4.22 10.56 3.48
0.0 0.0 0.0
4.22 12.67 0.1
4.22 12.67 0.38
4.22 12.67 0.76
4.22 12.67 1.26
4.22 12.67 1.9
0.0 0.0 0.0
0.0 0.0 0.0
4.22 14.78 0.1
4.22 14.78 0.28
4.22 14.78 0.52
4.22 14.78 0.88
0.0 0.0 0.0
0.0 0.0 0.0
0.0 0.0 0.0
4.22 16.89 0.1
4.22 16.89 0.28
4.22 16.89 0.58
0.0 0.0 0.0
0.0 0.0 0.0
0.0 0.0 0.0
4.22 19.0 0.02
4.22 19.0 0.08
4.22 19.0 0.18
0.0 0.0 0.0
6.33 2.11 0.06
6.33 2.11 0.24
6.33 2.11 0.54
6.33 2.11 0.9
6.33 2.11 1.56
0.0 0.0 0.0
6.33 4.22 0.14
6.33 4.22 0.4
6.33 4.22 0.78
6.33 4.22 1.26
6.33 4.22 2.04
0.0 0.0 0.0
6.33 6.33 0.26
6.33 6.33 0.58
6.33 6.33 0.96
6.33 6.33 1.42
6.33 6.33 2.16
0.0 0.0 0.0
6.33 8.44 0.36
6.33 8.44 0.8
6.33 8.44 1.32
6.33 8.44 1.96
6.33 8.44 2.78
0.0 0.0 0.0
6.33 10.56 0.34
6.33 10.56 0.76
6.33 10.56 1.34
6.33 10.56 2.04
6.33 10.56 3.02
0.0 0.0 0.0
6.33 12.67 0.18
6.33 12.67 0.48
6.33 12.67 0.86
6.33 12.67 1.28
6.33 12.67 1.86
0.0 0.0 0.0
6.33 14.78 0.08
6.33 14.78 0.3
6.33 14.78 0.6
6.33 14.78 0.98
6.33 14.78 1.52
0.0 0.0 0.0
0.0 0.0 0.0
6.33 16.89 0.16
6.33 16.89 0.46
6.33 16.89 0.9
6.33 16.89 1.52
0.0 0.0 0.0
0.0 0.0 0.0
6.33 19.0 0.02
6.33 19.0 0.18
6.33 19.0 0.4
6.33 19.0 0.78
0.0 0.0 0.0
8.44 2.11 0.22
8.44 2.11 0.6
8.44 2.11 1.14
8.44 2.11 1.82
8.44 2.11 2.64
0.0 0.0 0.0
8.44 4.22 0.34
8.44 4.22 0.8
8.44 4.22 1.42
8.44 4.22 2.22
8.44 4.22 3.2
0.0 0.0 0.0
8.44 6.33 0.38
8.44 6.33 0.8
8.44 6.33 1.32
8.44 6.33 1.98
8.44 6.33 2.82
0.0 0.0 0.0
8.44 8.44 0.46
8.44 8.44 1.0
8.44 8.44 1.64
8.44 8.44 2.42
8.44 8.44 3.34
0.0 0.0 0.0
8.44 10.56 0.44
8.44 10.56 1.04
8.44 10.56 1.78
8.44 10.56 2.66
8.44 10.56 3.74
0.0 0.0 0.0
8.44 12.67 0.28
8.44 12.67 0.68
8.44 12.67 1.24
8.44 12.67 1.88
8.44 12.67 2.7
0.0 0.0 0.0
8.44 14.78 0.18
8.44 14.78 0.52
8.44 14.78 1.02
8.44 14.78 1.68
8.44 14.78 2.46
0.0 0.0 0.0
8.44 16.89 0.08
8.44 16.89 0.44
8.44 16.89 0.98
8.44 16.89 1.8
8.44 16.89 2.84
0.0 0.0 0.0
0.0 0.0 0.0
8.44 19.0 0.14
8.44 19.0 0.5
8.44 19.0 0.98
8.44 19.0 1.72
0.0 0.0 0.0
10.56 2.11 0.26
10.56 2.11 0.76
10.56 2.11 1.42
10.56 2.11 2.2
10.56 2.11 3.04
0.0 0.0 0.0
10.56 4.22 0.38
10.56 4.22 0.94
10.56 4.22 1.68
10.56 4.22 2.56
10.56 4.22 3.7
0.0 0.0 0.0
10.56 6.33 0.42
10.56 6.33 0.88
10.56 6.33 1.48
10.56 6.33 2.22
10.56 6.33 3.16
0.0 0.0 0.0
10.56 8.44 0.48
10.56 8.44 1.08
10.56 8.44 1.76
10.56 8.44 2.6
10.56 8.44 3.56
0.0 0.0 0.0
10.56 10.56 0.48
10.56 10.56 1.14
10.56 10.56 1.94
10.56 10.56 2.9
10.56 10.56 4.02
0.0 0.0 0.0
10.56 12.67 0.28
10.56 12.67 0.76
10.56 12.67 1.34
10.56 12.67 2.08
10.56 12.67 3.02
0.0 0.0 0.0
10.56 14.78 0.16
10.56 14.78 0.54
10.56 14.78 1.08
10.56 14.78 1.78
10.56 14.78 2.62
0.0 0.0 0.0
10.56 16.89 0.08
10.56 16.89 0.44
10.56 16.89 1.04
10.56 16.89 1.94
10.56 16.89 3.02
0.0 0.0 0.0
0.0 0.0 0.0
10.56 19.0 0.16
10.56 19.0 0.54
10.56 19.0 1.08
10.56 19.0 1.88
0.0 0.0 0.0
12.67 2.11 0.1
12.67 2.11 0.42
12.67 2.11 0.84
12.67 2.11 1.42
12.67 2.11 2.12
0.0 0.0 0.0
12.67 4.22 0.18
12.67 4.22 0.56
12.67 4.22 1.06
12.67 4.22 1.72
12.67 4.22 2.54
0.0 0.0 0.0
12.67 6.33 0.22
12.67 6.33 0.6
12.67 6.33 1.04
12.67 6.33 1.56
12.67 6.33 2.22
0.0 0.0 0.0
12.67 8.44 0.32
12.67 8.44 0.76
12.67 8.44 1.3
12.67 8.44 1.9
12.67 8.44 2.6
0.0 0.0 0.0
12.67 10.56 0.3
12.67 10.56 0.76
12.67 10.56 1.36
12.67 10.56 2.06
12.67 10.56 2.9
0.0 0.0 0.0
12.67 12.67 0.18
12.67 12.67 0.5
12.67 12.67 0.94
12.67 12.67 1.46
12.67 12.67 2.1
0.0 0.0 0.0
12.67 14.78 0.04
12.67 14.78 0.3
12.67 14.78 0.66
12.67 14.78 1.1
12.67 14.78 1.68
0.0 0.0 0.0
0.0 0.0 0.0
12.67 16.89 0.16
12.67 16.89 0.54
12.67 16.89 1.0
12.67 16.89 1.68
0.0 0.0 0.0
0.0 0.0 0.0
12.67 19.0 0.02
12.67 19.0 0.2
12.67 19.0 0.48
12.67 19.0 0.9
0.0 0.0 0.0
0.0 0.0 0.0
14.78 4.22 0.18
14.78 4.22 0.42
14.78 4.22 0.74
14.78 4.22 1.16
0.0 0.0 0.0
14.78 6.33 0.04
14.78 6.33 0.28
14.78 6.33 0.6
14.78 6.33 1.0
14.78 6.33 1.48
0.0 0.0 0.0
14.78 8.44 0.1
14.78 8.44 0.42
14.78 8.44 0.9
14.78 8.44 1.48
14.78 8.44 2.14
0.0 0.0 0.0
14.78 10.56 0.1
14.78 10.56 0.46
14.78 10.56 1.0
14.78 10.56 1.7
14.78 10.56 2.54
0.0 0.0 0.0
14.78 12.67 0.04
14.78 12.67 0.28
14.78 12.67 0.66
14.78 12.67 1.14
14.78 12.67 1.8
0.0 0.0 0.0
0.0 0.0 0.0
0.0 0.0 0.0
0.0 0.0 0.0
14.78 19.0 0.1
14.78 19.0 0.24
0.0 0.0 0.0
0.0 0.0 0.0
0.0 0.0 0.0
16.89 4.22 0.08
16.89 4.22 0.28
16.89 4.22 0.54
0.0 0.0 0.0
0.0 0.0 0.0
16.89 6.33 0.06
16.89 6.33 0.3
16.89 6.33 0.66
16.89 6.33 1.12
0.0 0.0 0.0
0.0 0.0 0.0
16.89 8.44 0.2
16.89 8.44 0.7
16.89 8.44 1.34
16.89 8.44 2.1
0.0 0.0 0.0
0.0 0.0 0.0
16.89 10.56 0.26
16.89 10.56 0.86
16.89 10.56 1.74
16.89 10.56 2.72
0.0 0.0 0.0
0.0 0.0 0.0
16.89 12.67 0.1
16.89 12.67 0.48
16.89 12.67 1.08
16.89 12.67 1.9
0.0 0.0 0.0
0.0 0.0 0.0
0.0 0.0 0.0
0.0 0.0 0.0
0.0 0.0 0.0
0.0 0.0 0.0
0.0 0.0 0.0
0.0 0.0 0.0
0.0 0.0 0.0
0.0 0.0 0.0
0.0 0.0 0.0
0.0 0.0 0.0
0.0 0.0 0.0
0.0 0.0 0.0
0.0 0.0 0.0
0.0 0.0 0.0
19.0 4.22 0.04
19.0 4.22 0.16
0.0 0.0 0.0
0.0 0.0 0.0
0.0 0.0 0.0
19.0 6.33 0.08
19.0 6.33 0.28
19.0 6.33 0.56
0.0 0.0 0.0
0.0 0.0 0.0
0.0 0.0 0.0
19.0 8.44 0.28
19.0 8.44 0.74
19.0 8.44 1.28
0.0 0.0 0.0
0.0 0.0 0.0
19.0 10.56 0.06
19.0 10.56 0.4
19.0 10.56 0.96
19.0 10.56 1.7
0.0 0.0 0.0
0.0 0.0 0.0
0.0 0.0 0.0
19.0 12.67 0.18
19.0 12.67 0.54
19.0 12.67 1.04
0.0 0.0 0.0
0.0 0.0 0.0
0.0 0.0 0.0
0.0 0.0 0.0
19.0 14.78 0.1
19.0 14.78 0.28
0.0 0.0 0.0
0.0 0.0 0.0
0.0 0.0 0.0
0.0 0.0 0.0
0.0 0.0 0.0
0.0 0.0 0.0
0.0 0.0 0.0
0.0 0.0 0.0
0.0 0.0 0.0
0.0 0.0 0.0
0.0 0.0 0.0
0.0 0.0 0.0
0.0 0.0 0.0
0.0 0.0 0.0
2.11 4.22 0.06
2.11 4.22 0.2
2.11 4.22 0.36
2.11 4.22 0.68
0.0 0.0 0.0
2.11 6.33 0.08
2.11 6.33 0.36
2.11 6.33 0.68
2.11 6.33 1.14
2.11 6.33 1.76
0.0 0.0 0.0
2.11 8.44 0.26
2.11 8.44 0.72
2.11 8.44 1.32
2.11 8.44 2.02
2.11 8.44 2.94
0.0 0.0 0.0
2.11 10.56 0.26
2.11 10.56 0.74
2.11 10.56 1.38
2.11 10.56 2.2
2.11 10.56 3.3
0.0 0.0 0.0
2.11 12.67 0.06
2.11 12.67 0.3
2.11 12.67 0.68
2.11 12.67 1.22
2.11 12.67 1.94
0.0 0.0 0.0
0.0 0.0 0.0
0.0 0.0 0.0
0.0 0.0 0.0
0.0 0.0 0.0
0.0 0.0 0.0
0.0 0.0 0.0
0.0 0.0 0.0
4.22 2.11 0.04
4.22 2.11 0.16
4.22 2.11 0.36
4.22 2.11 0.64
0.0 0.0 0.0
0.0 0.0 0.0
4.22 4.22 0.18
4.22 4.22 0.38
4.22 4.22 0.68
4.22 4.22 1.22
0.0 0.0 0.0
4.22 6.33 0.16
4.22 6.33 0.48
4.22 6.33 0.86
4.22 6.33 1.34
4.22 6.33 2.0
0.0 0.0 0.0
4.22 8.44 0.34
4.22 8.44 0.86
4.22 8.44 1.46
4.22 8.44 2.2
4.22 8.44 3.12
0.0 0.0 0.0
4.22 10.56 0.34
4.22 10.56 0.84
4.22 10.56 1.52
4.22 10.56 2.38
4.22 10.56 3.48
0.0 0.0 0.0
4.22 12.67 0.1
4.22 12.67 0.38
4.22 12.67 0.76
4.22 12.67 1.26
4.22 12.67 1.9
0.0 0.0 0.0
0.0 0.0 0.0
4.22 14.78 0.1
4.22 14.78 0.28
4.22 14.78 0.52
4.22 14.78 0.88
0.0 0.0 0.0
0.0 0.0 0.0
0.0 0.0 0.0
4.22 16.89 0.1
4.22 16.89 0.28
4.22 16.89 0.58
0.0 0.0 0.0
0.0 0.0 0.0
0.0 0.0 0.0
4.22 19.0 0.02
4.22 19.0 0.08
4.22 19.0 0.18
0.0 0.0 0.0
6.33 2.11 0.06
6.33 2.11 0.26
6.33 2.11 0.54
6.33 2.11 0.92
6.33 2.11 1.54
0.0 0.0 0.0
6.33 4.22 0.12
6.33 4.22 0.42
6.33 4.22 0.78
6.33 4.22 1.28
6.33 4.22 2.02
0.0 0.0 0.0
6.33 6.33 0.26
6.33 6.33 0.58
6.33 6.33 0.96
6.33 6.33 1.4
6.33 6.33 2.16
0.0 0.0 0.0
6.33 8.44 0.38
6.33 8.44 0.8
6.33 8.44 1.32
6.33 8.44 1.96
6.33 8.44 2.78
0.0 0.0 0.0
6.33 10.56 0.34
6.33 10.56 0.76
6.33 10.56 1.34
6.33 10.56 2.04
6.33 10.56 3.0
0.0 0.0 0.0
6.33 12.67 0.2
6.33 12.67 0.48
6.33 12.67 0.86
6.33 12.67 1.28
6.33 12.67 1.86
0.0 0.0 0.0
6.33 14.78 0.08
6.33 14.78 0.3
6.33 14.78 0.6
6.33 14.78 0.98
6.33 14.78 1.5
0.0 0.0 0.0
0.0 0.0 0.0
6.33 16.89 0.18
6.33 16.89 0.46
6.33 16.89 0.9
6.33 16.89 1.5
0.0 0.0 0.0
0.0 0.0 0.0
6.33 19.0 0.02
6.33 19.0 0.16
6.33 19.0 0.4
6.33 19.0 0.78
0.0 0.0 0.0
8.44 2.11 0.22
8.44 2.11 0.6
8.44 2.11 1.14
8.44 2.11 1.82
8.44 2.11 2.62
0.0 0.0 0.0
8.44 4.22 0.34
8.44 4.22 0.78
8.44 4.22 1.42
8.44 4.22 2.2
8.44 4.22 3.18
0.0 0.0 0.0
8.44 6.33 0.38
8.44 6.33 0.8
8.44 6.33 1.32
8.44 6.33 1.98
8.44 6.33 2.8
0.0 0.0 0.0
8.44 8.44 0.46
8.44 8.44 1.02
8.44 8.44 1.64
8.44 8.44 2.42
8.44 8.44 3.34
0.0 0.0 0.0
8.44 10.56 0.44
8.44 10.56 1.04
8.44 10.56 1.76
8.44 10.56 2.66
8.44 10.56 3.74
0.0 0.0 0.0
8.44 12.67 0.28
8.44 12.67 0.68
8.44 12.67 1.22
8.44 12.67 1.86
8.44 12.67 2.68
0.0 0.0 0.0
8.44 14.78 0.16
8.44 14.78 0.52
8.44 14.78 1.02
8.44 14.78 1.66
8.44 14.78 2.44
0.0 0.0 0.0
8.44 16.89 0.08
8.44 16.89 0.44
8.44 16.89 0.98
8.44 16.89 1.8
8.44 16.89 2.82
0.0 0.0 0.0
0.0 0.0 0.0
8.44 19.0 0.14
8.44 19.0 0.5
8.44 19.0 0.98
8.44 19.0 1.7
0.0 0.0 0.0
10.56 2.11 0.26
10.56 2.11 0.74
10.56 2.11 1.4
10.56 2.11 2.18
10.56 2.11 3.02
0.0 0.0 0.0
10.56 4.22 0.38
10.56 4.22 0.94
10.56 4.22 1.66
10.56 4.22 2.54
10.56 4.22 3.68
0.0 0.0 0.0
10.56 6.33 0.4
10.56 6.33 0.86
10.56 6.33 1.46
10.56 6.33 2.22
10.56 6.33 3.14
0.0 0.0 0.0
10.56 8.44 0.48
10.56 8.44 1.06
10.56 8.44 1.74
10.56 8.44 2.58
10.56 8.44 3.54
0.0 0.0 0.0
10.56 10.56 0.48
10.56 10.56 1.14
10.56 10.56 1.92
10.56 10.56 2.86
10.56 10.56 4.0
0.0 0.0 0.0
10.56 12.67 0.28
10.56 12.67 0.74
10.56 12.67 1.34
10.56 12.67 2.06
10.56 12.67 3.0
0.0 0.0 0.0
10.56 14.78 0.16
10.56 14.78 0.52
10.56 14.78 1.06
10.56 14.78 1.76
10.56 14.78 2.6
0.0 0.0 0.0
10.56 16.89 0.08
10.56 16.89 0.44
10.56 16.89 1.04
10.56 16.89 1.9
10.56 16.89 2.98
0.0 0.0 0.0
0.0 0.0 0.0
10.56 19.0 0.14
10.56 19.0 0.52
10.56 19.0 1.06
10.56 19.0 1.86
0.0 0.0 0.0
12.67 2.11 0.1
12.67 2.11 0.42
12.67 2.11 0.82
12.67 2.11 1.4
12.67 2.11 2.1
0.0 0.0 0.0
12.67 4.22 0.18
12.67 4.22 0.54
12.67 4.22 1.04
12.67 4.22 1.7
12.67 4.22 2.52
0.0 0.0 0.0
12.67 6.33 0.24
12.67 6.33 0.6
12.67 6.33 1.02
12.67 6.33 1.54
12.67 6.33 2.22
0.0 0.0 0.0
12.67 8.44 0.32
12.67 8.44 0.76
12.67 8.44 1.28
12.67 8.44 1.86
12.67 8.44 2.6
0.0 0.0 0.0
12.67 10.56 0.3
12.67 10.56 0.76
12.67 10.56 1.34
12.67 10.56 2.02
12.67 10.56 2.9
0.0 0.0 0.0
12.67 12.67 0.18
12.67 12.67 0.5
12.67 12.67 0.92
12.67 12.67 1.44
12.67 12.67 2.08
0.0 0.0 0.0
12.67 14.78 0.04
12.67 14.78 0.28
12.67 14.78 0.66
12.67 14.78 1.1
12.67 14.78 1.66
0.0 0.0 0.0
0.0 0.0 0.0
12.67 16.89 0.16
12.67 16.89 0.52
12.67 16.89 1.0
12.67 16.89 1.68
0.0 0.0 0.0
0.0 0.0 0.0
12.67 19.0 0.02
12.67 19.0 0.2
12.67 19.0 0.48
12.67 19.0 0.88
0.0 0.0 0.0
0.0 0.0 0.0
14.78 4.22 0.18
14.78 4.22 0.42
14.78 4.22 0.74
14.78 4.22 1.14
0.0 0.0 0.0
14.78 6.33 0.04
14.78 6.33 0.28
14.78 6.33 0.6
14.78 6.33 0.98
14.78 6.33 1.46
0.0 0.0 0.0
14.78 8.44 0.1
14.78 8.44 0.44
14.78 8.44 0.9
14.78 8.44 1.46
14.78 8.44 2.14
0.0 0.0 0.0
14.78 10.56 0.1
14.78 10.56 0.46
14.78 10.56 1.0
14.78 10.56 1.66
14.78 10.56 2.52
0.0 0.0 0.0
14.78 12.67 0.04
14.78 12.67 0.28
14.78 12.67 0.64
14.78 12.67 1.14
14.78 12.67 1.78
0.0 0.0 0.0
0.0 0.0 0.0
0.0 0.0 0.0
0.0 0.0 0.0
14.78 19.0 0.1
14.78 19.0 0.24
0.0 0.0 0.0
0.0 0.0 0.0
0.0 0.0 0.0
16.89 4.22 0.08
16.89 4.22 0.28
16.89 4.22 0.54
0.0 0.0 0.0
0.0 0.0 0.0
16.89 6.33 0.06
16.89 6.33 0.3
16.89 6.33 0.66
16.89 6.33 1.08
0.0 0.0 0.0
0.0 0.0 0.0
16.89 8.44 0.2
16.89 8.44 0.7
16.89 8.44 1.34
16.89 8.44 2.08
0.0 0.0 0.0
0.0 0.0 0.0
16.89 10.56 0.26
16.89 10.56 0.88
16.89 10.56 1.72
16.89 10.56 2.7
0.0 0.0 0.0
0.0 0.0 0.0
16.89 12.67 0.1
16.89 12.67 0.48
16.89 12.67 1.08
16.89 12.67 1.88
0.0 0.0 0.0
0.0 0.0 0.0
0.0 0.0 0.0
0.0 0.0 0.0
0.0 0.0 0.0
0.0 0.0 0.0
0.0 0.0 0.0
0.0 0.0 0.0
0.0 0.0 0.0
0.0 0.0 0.0
0.0 0.0 0.0
0.0 0.0 0.0
0.0 0.0 0.0
0.0 0.0 0.0
0.0 0.0 0.0
0.0 0.0 0.0
19.0 4.22 0.04
19.0 4.22 0.16
0.0 0.0 0.0
0.0 0.0 0.0
0.0 0.0 0.0
19.0 6.33 0.08
19.0 6.33 0.3
19.0 6.33 0.56
0.0 0.0 0.0
0.0 0.0 0.0
19.0 8.44 0.02
19.0 8.44 0.3
19.0 8.44 0.74
19.0 8.44 1.28
0.0 0.0 0.0
0.0 0.0 0.0
19.0 10.56 0.06
19.0 10.56 0.4
19.0 10.56 0.94
19.0 10.56 1.68
0.0 0.0 0.0
0.0 0.0 0.0
0.0 0.0 0.0
19.0 12.67 0.18
19.0 12.67 0.52
19.0 12.67 1.06
0.0 0.0 0.0
0.0 0.0 0.0
0.0 0.0 0.0
0.0 0.0 0.0
19.0 14.78 0.1
19.0 14.78 0.28
0.0 0.0 0.0
0.0 0.0 0.0
0.0 0.0 0.0
0.0 0.0 0.0
0.0 0.0 0.0
0.0 0.0 0.0
0.0 0.0 0.0
0.0 0.0 0.0
0.0 0.0 0.0
0.0 0.0 0.0
0.0 0.0 0.0
0.0 0.0 0.0
0.0 0.0 0.0
0.0 0.0 0.0
2.11 4.22 0.08
2.11 4.22 0.22
2.11 4.22 0.38
2.11 4.22 0.68
0.0 0.0 0.0
2.11 6.33 0.08
2.11 6.33 0.36
2.11 6.33 0.68
2.11 6.33 1.14
2.11 6.33 1.76
0.0 0.0 0.0
2.11 8.44 0.26
2.11 8.44 0.74
2.11 8.44 1.32
2.11 8.44 2.02
2.11 8.44 2.94
0.0 0.0 0.0
2.11 10.56 0.26
2.11 10.56 0.76
2.11 10.56 1.38
2.11 10.56 2.22
2.11 10.56 3.3
0.0 0.0 0.0
2.11 12.67 0.06
2.11 12.67 0.3
2.11 12.67 0.68
2.11 12.67 1.22
2.11 12.67 1.92
0.0 0.0 0.0
0.0 0.0 0.0
0.0 0.0 0.0
0.0 0.0 0.0
0.0 0.0 0.0
0.0 0.0 0.0
0.0 0.0 0.0
0.0 0.0 0.0
4.22 2.11 0.04
4.22 2.11 0.16
4.22 2.11 0.34
4.22 2.11 0.64
0.0 0.0 0.0
0.0 0.0 0.0
4.22 4.22 0.18
4.22 4.22 0.38
4.22 4.22 0.68
4.22 4.22 1.22
0.0 0.0 0.0
4.22 6.33 0.16
4.22 6.33 0.48
4.22 6.33 0.86
4.22 6.33 1.36
4.22 6.33 2.0
0.0 0.0 0.0
4.22 8.44 0.36
4.22 8.44 0.86
4.22 8.44 1.46
4.22 8.44 2.2
4.22 8.44 3.12
0.0 0.0 0.0
4.22 10.56 0.34
4.22 10.56 0.86
4.22 10.56 1.52
4.22 10.56 2.38
4.22 10.56 3.46
0.0 0.0 0.0
4.22 12.67 0.1
4.22 12.67 0.38
4.22 12.67 0.76
4.22 12.67 1.26
4.22 12.67 1.88
0.0 0.0 0.0
0.0 0.0 0.0
4.22 14.78 0.1
4.22 14.78 0.28
4.22 14.78 0.52
4.22 14.78 0.88
0.0 0.0 0.0
0.0 0.0 0.0
0.0 0.0 0.0
4.22 16.89 0.1
4.22 16.89 0.28
4.22 16.89 0.58
0.0 0.0 0.0
0.0 0.0 0.0
0.0 0.0 0.0
4.22 19.0 0.02
4.22 19.0 0.08
4.22 19.0 0.18
0.0 0.0 0.0
6.33 2.11 0.06
6.33 2.11 0.26
6.33 2.11 0.54
6.33 2.11 0.92
6.33 2.11 1.54
0.0 0.0 0.0
6.33 4.22 0.14
6.33 4.22 0.44
6.33 4.22 0.78
6.33 4.22 1.28
6.33 4.22 2.02
0.0 0.0 0.0
6.33 6.33 0.26
6.33 6.33 0.58
6.33 6.33 0.96
6.33 6.33 1.42
6.33 6.33 2.14
0.0 0.0 0.0
6.33 8.44 0.38
6.33 8.44 0.8
6.33 8.44 1.32
6.33 8.44 1.96
6.33 8.44 2.76
0.0 0.0 0.0
6.33 10.56 0.34
6.33 10.56 0.76
6.33 10.56 1.34
6.33 10.56 2.04
6.33 10.56 3.0
0.0 0.0 0.0
6.33 12.67 0.2
6.33 12.67 0.48
6.33 12.67 0.84
6.33 12.67 1.26
6.33 12.67 1.84
0.0 0.0 0.0
6.33 14.78 0.08
6.33 14.78 0.3
6.33 14.78 0.6
6.33 14.78 0.98
6.33 14.78 1.48
0.0 0.0 0.0
0.0 0.0 0.0
6.33 16.89 0.18
6.33 16.89 0.48
6.33 16.89 0.9
6.33 16.89 1.5
0.0 0.0 0.0
0.0 0.0 0.0
6.33 19.0 0.02
6.33 19.0 0.18
6.33 19.0 0.4
6.33 19.0 0.76
0.0 0.0 0.0
8.44 2.11 0.22
8.44 2.11 0.6
8.44 2.11 1.14
8.44 2.11 1.82
8.44 2.11 2.62
0.0 0.0 0.0
8.44 4.22 0.36
8.44 4.22 0.8
8.44 4.22 1.42
8.44 4.22 2.18
8.44 4.22 3.16
0.0 0.0 0.0
8.44 6.33 0.38
8.44 6.33 0.82
8.44 6.33 1.32
8.44 6.33 1.98
8.44 6.33 2.8
0.0 0.0 0.0
8.44 8.44 0.46
8.44 8.44 1.02
8.44 8.44 1.64
8.44 8.44 2.4
8.44 8.44 3.34
0.0 0.0 0.0
8.44 10.56 0.46
8.44 10.56 1.06
8.44 10.56 1.76
8.44 10.56 2.66
8.44 10.56 3.72
0.0 0.0 0.0
8.44 12.67 0.28
8.44 12.67 0.7
8.44 12.67 1.24
8.44 12.67 1.86
8.44 12.67 2.68
0.0 0.0 0.0
8.44 14.78 0.18
8.44 14.78 0.52
8.44 14.78 1.02
8.44 14.78 1.66
8.44 14.78 2.44
0.0 0.0 0.0
8.44 16.89 0.08
8.44 16.89 0.44
8.44 16.89 0.96
8.44 16.89 1.8
8.44 16.89 2.82
0.0 0.0 0.0
0.0 0.0 0.0
8.44 19.0 0.14
8.44 19.0 0.5
8.44 19.0 0.98
8.44 19.0 1.7
0.0 0.0 0.0
10.56 2.11 0.28
10.56 2.11 0.76
10.56 2.11 1.42
10.56 2.11 2.18
10.56 2.11 3.02
0.0 0.0 0.0
10.56 4.22 0.4
10.56 4.22 0.94
10.56 4.22 1.68
10.56 4.22 2.54
10.56 4.22 3.68
0.0 0.0 0.0
10.56 6.33 0.42
10.56 6.33 0.88
10.56 6.33 1.48
10.56 6.33 2.22
10.56 6.33 3.14
0.0 0.0 0.0
10.56 8.44 0.5
10.56 8.44 1.08
10.56 8.44 1.78
10.56 8.44 2.6
10.56 8.44 3.56
0.0 0.0 0.0
10.56 10.56 0.5
10.56 10.56 1.18
10.56 10.56 1.96
10.56 10.56 2.88
10.56 10.56 4.02
0.0 0.0 0.0
10.56 12.67 0.3
10.56 12.67 0.76
10.56 12.67 1.36
10.56 12.67 2.06
10.56 12.67 3.0
0.0 0.0 0.0
10.56 14.78 0.16
10.56 14.78 0.54
10.56 14.78 1.06
10.56 14.78 1.78
10.56 14.78 2.6
0.0 0.0 0.0
10.56 16.89 0.08
10.56 16.89 0.46
10.56 16.89 1.06
10.56 16.89 1.94
10.56 16.89 2.98
0.0 0.0 0.0
0.0 0.0 0.0
10.56 19.0 0.16
10.56 19.0 0.54
10.56 19.0 1.08
10.56 19.0 1.86
0.0 0.0 0.0
12.67 2.11 0.12
12.67 2.11 0.44
12.67 2.11 0.84
12.67 2.11 1.42
12.67 2.11 2.12
0.0 0.0 0.0
12.67 4.22 0.18
12.67 4.22 0.56
12.67 4.22 1.08
12.67 4.22 1.72
12.67 4.22 2.54
0.0 0.0 0.0
12.67 6.33 0.24
12.67 6.33 0.62
12.67 6.33 1.04
12.67 6.33 1.56
12.67 6.33 2.22
0.0 0.0 0.0
12.67 8.44 34.0
12.67 8.44 0.8
12.67 8.44 1.32
12.67 8.44 1.9
12.67 8.44 2.62
0.0 0.0 0.0
12.67 10.56 0.32
12.67 10.56 0.78
12.67 10.56 1.38
12.67 10.56 2.04
12.67 10.56 2.9
0.0 0.0 0.0
12.67 12.67 0.18
12.67 12.67 0.52
12.67 12.67 0.94
12.67 12.67 1.46
12.67 12.67 2.08
0.0 0.0 0.0
12.67 14.78 0.06
12.67 14.78 0.32
12.67 14.78 0.66
12.67 14.78 1.12
12.67 14.78 1.68
0.0 0.0 0.0
0.0 0.0 0.0
12.67 16.89 0.18
12.67 16.89 0.54
12.67 16.89 1.02
12.67 16.89 1.68
0.0 0.0 0.0
0.0 0.0 0.0
12.67 19.0 0.02
12.67 19.0 0.22
12.67 19.0 0.5
12.67 19.0 0.9
0.0 0.0 0.0
0.0 0.0 0.0
14.78 4.22 0.18
14.78 4.22 0.44
14.78 4.22 0.76
14.78 4.22 1.16
0.0 0.0 0.0
14.78 6.33 0.04
14.78 6.33 0.28
14.78 6.33 0.62
14.78 6.33 1.0
14.78 6.33 1.5
0.0 0.0 0.0
14.78 8.44 0.1
14.78 8.44 0.44
14.78 8.44 0.92
14.78 8.44 1.48
14.78 8.44 2.14
0.0 0.0 0.0
14.78 10.56 0.12
14.78 10.56 0.48
14.78 10.56 1.02
14.78 10.56 1.7
14.78 10.56 2.52
0.0 0.0 0.0
14.78 12.67 0.04
14.78 12.67 0.28
14.78 12.67 0.66
14.78 12.67 1.14
14.78 12.67 1.8
0.0 0.0 0.0
0.0 0.0 0.0
0.0 0.0 0.0
0.0 0.0 0.0
14.78 19.0 0.1
14.78 19.0 0.26
0.0 0.0 0.0
0.0 0.0 0.0
0.0 0.0 0.0
16.89 4.22 0.08
16.89 4.22 0.28
16.89 4.22 0.54
0.0 0.0 0.0
0.0 0.0 0.0
16.89 6.33 0.08
16.89 6.33 0.32
16.89 6.33 0.66
16.89 6.33 1.12
0.0 0.0 0.0
0.0 0.0 0.0
16.89 8.44 0.22
16.89 8.44 0.74
16.89 8.44 1.38
16.89 8.44 2.1
0.0 0.0 0.0
0.0 0.0 0.0
16.89 10.56 0.28
16.89 10.56 0.92
16.89 10.56 1.74
16.89 10.56 2.7
0.0 0.0 0.0
0.0 0.0 0.0
16.89 12.67 0.12
16.89 12.67 0.5
16.89 12.67 1.08
16.89 12.67 1.9
0.0 0.0 0.0
0.0 0.0 0.0
0.0 0.0 0.0
0.0 0.0 0.0
0.0 0.0 0.0
0.0 0.0 0.0
0.0 0.0 0.0
0.0 0.0 0.0
0.0 0.0 0.0
0.0 0.0 0.0
0.0 0.0 0.0
0.0 0.0 0.0
0.0 0.0 0.0
0.0 0.0 0.0
0.0 0.0 0.0
0.0 0.0 0.0
19.0 4.22 0.04
19.0 4.22 0.16
0.0 0.0 0.0
0.0 0.0 0.0
0.0 0.0 0.0
19.0 6.33 0.08
19.0 6.33 0.3
19.0 6.33 0.58
0.0 0.0 0.0
0.0 0.0 0.0
19.0 8.44 0.02
19.0 8.44 0.32
19.0 8.44 0.76
19.0 8.44 1.3
0.0 0.0 0.0
0.0 0.0 0.0
19.0 10.56 0.06
19.0 10.56 0.42
19.0 10.56 1.0
19.0 10.56 1.72
0.0 0.0 0.0
0.0 0.0 0.0
0.0 0.0 0.0
19.0 12.67 0.2
19.0 12.67 0.54
19.0 12.67 1.06
0.0 0.0 0.0
0.0 0.0 0.0
0.0 0.0 0.0
0.0 0.0 0.0
19.0 14.78 0.1
19.0 14.78 0.28
0.0 0.0 0.0
0.0 0.0 0.0
0.0 0.0 0.0
0.0 0.0 0.0
0.0 0.0 0.0
0.0 0.0 0.0
0.0 0.0 0.0
0.0 0.0 0.0
0.0 0.0 0.0
0.0 0.0 0.0
0.0 0.0 0.0
0.0 0.0 0.0
0.0 0.0 0.0
0.0 0.0 0.0
2.11 4.22 0.06
2.11 4.22 0.22
2.11 4.22 0.38
2.11 4.22 0.7
0.0 0.0 0.0
2.11 6.33 0.08
2.11 6.33 0.38
2.11 6.33 0.7
2.11 6.33 1.18
2.11 6.33 1.78
0.0 0.0 0.0
2.11 8.44 0.28
2.11 8.44 0.76
2.11 8.44 1.36
2.11 8.44 2.06
2.11 8.44 2.92
0.0 0.0 0.0
2.11 10.56 0.28
2.11 10.56 0.78
2.11 10.56 1.42
2.11 10.56 2.24
2.11 10.56 3.3
0.0 0.0 0.0
2.11 12.67 0.08
2.11 12.67 0.32
2.11 12.67 0.7
2.11 12.67 1.22
2.11 12.67 1.94
0.0 0.0 0.0
0.0 0.0 0.0
0.0 0.0 0.0
0.0 0.0 0.0
0.0 0.0 0.0
0.0 0.0 0.0
0.0 0.0 0.0
0.0 0.0 0.0
4.22 2.11 0.04
4.22 2.11 0.18
4.22 2.11 0.38
4.22 2.11 0.66
0.0 0.0 0.0
0.0 0.0 0.0
4.22 4.22 0.18
4.22 4.22 0.4
4.22 4.22 0.72
4.22 4.22 1.26
0.0 0.0 0.0
4.22 6.33 0.18
4.22 6.33 0.52
4.22 6.33 0.9
4.22 6.33 1.4
4.22 6.33 2.04
0.0 0.0 0.0
4.22 8.44 0.38
4.22 8.44 0.9
4.22 8.44 1.52
4.22 8.44 2.26
4.22 8.44 3.14
0.0 0.0 0.0
4.22 10.56 0.36
4.22 10.56 0.88
4.22 10.56 1.54
4.22 10.56 2.42
4.22 10.56 3.5
0.0 0.0 0.0
4.22 12.67 0.12
4.22 12.67 0.4
4.22 12.67 0.78
4.22 12.67 1.26
4.22 12.67 1.9
0.0 0.0 0.0
0.0 0.0 0.0
4.22 14.78 0.12
4.22 14.78 0.3
4.22 14.78 0.54
4.22 14.78 0.9
0.0 0.0 0.0
0.0 0.0 0.0
0.0 0.0 0.0
4.22 16.89 0.12
4.22 16.89 0.28
4.22 16.89 0.6
0.0 0.0 0.0
0.0 0.0 0.0
0.0 0.0 0.0
4.22 19.0 0.02
4.22 19.0 0.08
4.22 19.0 0.18
0.0 0.0 0.0
6.33 2.11 0.08
6.33 2.11 0.26
6.33 2.11 0.56
6.33 2.11 0.96
6.33 2.11 1.58
0.0 0.0 0.0
6.33 4.22 0.16
6.33 4.22 0.44
6.33 4.22 0.8
6.33 4.22 1.32
6.33 4.22 2.06
0.0 0.0 0.0
6.33 6.33 0.28
6.33 6.33 0.62
6.33 6.33 1.0
6.33 6.33 1.44
6.33 6.33 2.18
0.0 0.0 0.0
6.33 8.44 0.38
6.33 8.44 0.84
6.33 8.44 1.36
6.33 8.44 2.0
6.33 8.44 2.78
0.0 0.0 0.0
6.33 10.56 0.36
6.33 10.56 0.78
6.33 10.56 1.36
6.33 10.56 2.08
6.33 10.56 3.0
0.0 0.0 0.0
6.33 12.67 0.2
6.33 12.67 0.5
6.33 12.67 0.86
6.33 12.67 1.3
6.33 12.67 1.88
0.0 0.0 0.0
6.33 14.78 0.08
6.33 14.78 0.3
6.33 14.78 0.62
6.33 14.78 1.0
6.33 14.78 1.54
0.0 0.0 0.0
0.0 0.0 0.0
6.33 16.89 0.18
6.33 16.89 0.5
6.33 16.89 0.92
6.33 16.89 1.54
0.0 0.0 0.0
0.0 0.0 0.0
6.33 19.0 0.04
6.33 19.0 0.18
6.33 19.0 0.4
6.33 19.0 0.78
0.0 0.0 0.0
8.44 2.11 0.24
8.44 2.11 0.64
8.44 2.11 1.2
8.44 2.11 1.86
8.44 2.11 2.62
0.0 0.0 0.0
8.44 4.22 0.36
8.44 4.22 0.82
8.44 4.22 1.46
8.44 4.22 2.22
8.44 4.22 3.18
0.0 0.0 0.0
8.44 6.33 0.4
8.44 6.33 0.84
8.44 6.33 1.34
8.44 6.33 2.0
8.44 6.33 2.8
0.0 0.0 0.0
8.44 8.44 0.48
8.44 8.44 1.04
8.44 8.44 1.68
8.44 8.44 2.44
8.44 8.44 3.34
0.0 0.0 0.0
8.44 10.56 0.46
8.44 10.56 1.06
8.44 10.56 1.8
8.44 10.56 2.66
8.44 10.56 3.72
0.0 0.0 0.0
8.44 12.67 0.28
8.44 12.67 0.72
8.44 12.67 1.24
8.44 12.67 1.88
8.44 12.67 2.7
0.0 0.0 0.0
8.44 14.78 0.18
8.44 14.78 0.54
8.44 14.78 1.04
8.44 14.78 1.7
8.44 14.78 2.44
0.0 0.0 0.0
8.44 16.89 0.08
8.44 16.89 0.44
8.44 16.89 1.0
8.44 16.89 1.82
8.44 16.89 2.82
0.0 0.0 0.0
0.0 0.0 0.0
8.44 19.0 0.16
8.44 19.0 0.5
8.44 19.0 0.98
8.44 19.0 1.72
0.0 0.0 0.0
10.56 2.11 0.28
10.56 2.11 0.76
10.56 2.11 1.44
10.56 2.11 2.18
10.56 2.11 3.02
0.0 0.0 0.0
10.56 4.22 0.4
10.56 4.22 0.94
10.56 4.22 1.68
10.56 4.22 2.56
10.56 4.22 3.66
0.0 0.0 0.0
10.56 6.33 0.12
10.56 6.33 0.5
10.56 6.33 0.98
10.56 6.33 1.62
10.56 6.33 2.4
0.0 0.0 0.0
10.56 8.44 0.12
10.56 8.44 0.58
10.56 8.44 1.22
10.56 8.44 1.94
10.56 8.44 2.8
0.0 0.0 0.0
10.56 10.56 0.12
10.56 10.56 0.6
10.56 10.56 1.32
10.56 10.56 2.14
10.56 10.56 3.14
0.0 0.0 0.0
10.56 12.67 0.06
10.56 12.67 0.38
10.56 12.67 0.86
10.56 12.67 1.5
10.56 12.67 2.26
0.0 0.0 0.0
0.0 0.0 0.0
10.56 14.78 0.22
10.56 14.78 0.64
10.56 14.78 1.22
10.56 14.78 1.96
0.0 0.0 0.0
0.0 0.0 0.0
10.56 16.89 0.14
10.56 16.89 0.56
10.56 16.89 1.22
10.56 16.89 2.16
0.0 0.0 0.0
0.0 0.0 0.0
0.0 0.0 0.0
10.56 19.0 0.22
10.56 19.0 0.62
10.56 19.0 1.24
0.0 0.0 0.0
0.0 0.0 0.0
12.67 2.11 0.16
12.67 2.11 0.5
12.67 2.11 0.96
12.67 2.11 1.58
0.0 0.0 0.0
0.0 0.0 0.0
12.67 4.22 0.26
12.67 4.22 0.68
12.67 4.22 1.24
12.67 4.22 1.94
0.0 0.0 0.0
12.67 6.33 0.02
12.67 6.33 0.3
12.67 6.33 0.7
12.67 6.33 1.16
12.67 6.33 1.72
0.0 0.0 0.0
12.67 8.44 0.08
12.67 8.44 0.42
12.67 8.44 0.88
12.67 8.44 1.44
12.67 8.44 2.06
0.0 0.0 0.0
12.67 10.56 0.06
12.67 10.56 0.4
12.67 10.56 0.9
12.67 10.56 1.52
12.67 10.56 2.26
0.0 0.0 0.0
0.0 0.0 0.0
12.67 12.67 0.24
12.67 12.67 0.6
12.67 12.67 1.06
12.67 12.67 1.62
0.0 0.0 0.0
0.0 0.0 0.0
12.67 14.78 0.1
12.67 14.78 0.4
12.67 14.78 0.76
12.67 14.78 1.24
0.0 0.0 0.0
0.0 0.0 0.0
0.0 0.0 0.0
12.67 16.89 0.26
12.67 16.89 0.66
12.67 16.89 1.2
0.0 0.0 0.0
0.0 0.0 0.0
0.0 0.0 0.0
12.67 19.0 0.06
12.67 19.0 0.28
12.67 19.0 0.6
0.0 0.0 0.0
0.0 0.0 0.0
14.78 4.22 0.02
14.78 4.22 0.24
14.78 4.22 0.52
14.78 4.22 0.86
0.0 0.0 0.0
0.0 0.0 0.0
14.78 6.33 0.08
14.78 6.33 0.36
14.78 6.33 0.7
14.78 6.33 1.08
0.0 0.0 0.0
0.0 0.0 0.0
14.78 8.44 0.16
14.78 8.44 0.54
14.78 8.44 1.02
14.78 8.44 1.6
0.0 0.0 0.0
0.0 0.0 0.0
14.78 10.56 0.18
14.78 10.56 0.58
14.78 10.56 1.14
14.78 10.56 1.84
0.0 0.0 0.0
0.0 0.0 0.0
14.78 12.67 0.08
14.78 12.67 0.38
14.78 12.67 0.76
14.78 12.67 1.26
0.0 0.0 0.0
0.0 0.0 0.0
0.0 0.0 0.0
0.0 0.0 0.0
14.78 19.0 0.02
14.78 19.0 0.14
0.0 0.0 0.0
0.0 0.0 0.0
0.0 0.0 0.0
0.0 0.0 0.0
16.89 4.22 0.12
16.89 4.22 0.34
0.0 0.0 0.0
0.0 0.0 0.0
0.0 0.0 0.0
16.89 6.33 0.1
16.89 6.33 0.38
16.89 6.33 0.76
0.0 0.0 0.0
0.0 0.0 0.0
0.0 0.0 0.0
16.89 8.44 0.28
16.89 8.44 0.84
16.89 8.44 1.52
0.0 0.0 0.0
0.0 0.0 0.0
16.89 10.56 0.02
16.89 10.56 0.38
16.89 10.56 1.06
16.89 10.56 1.94
0.0 0.0 0.0
0.0 0.0 0.0
0.0 0.0 0.0
16.89 12.67 0.18
16.89 12.67 0.62
16.89 12.67 1.26
0.0 0.0 0.0
0.0 0.0 0.0
0.0 0.0 0.0
0.0 0.0 0.0
0.0 0.0 0.0
0.0 0.0 0.0
0.0 0.0 0.0
0.0 0.0 0.0
0.0 0.0 0.0
0.0 0.0 0.0
0.0 0.0 0.0
0.0 0.0 0.0
0.0 0.0 0.0
0.0 0.0 0.0
0.0 0.0 0.0
0.0 0.0 0.0
0.0 0.0 0.0
19.0 4.22 0.06
0.0 0.0 0.0
0.0 0.0 0.0
0.0 0.0 0.0
0.0 0.0 0.0
19.0 6.33 0.12
19.0 6.33 0.36
0.0 0.0 0.0
0.0 0.0 0.0
0.0 0.0 0.0
19.0 8.44 0.06
19.0 8.44 0.4
19.0 8.44 0.9
0.0 0.0 0.0
0.0 0.0 0.0
0.0 0.0 0.0
19.0 10.56 0.12
19.0 10.56 0.56
19.0 10.56 1.18
0.0 0.0 0.0
0.0 0.0 0.0
0.0 0.0 0.0
19.0 12.67 0.04
19.0 12.67 0.28
19.0 12.67 0.68
0.0 0.0 0.0
0.0 0.0 0.0
0.0 0.0 0.0
0.0 0.0 0.0
19.0 14.78 0.02
19.0 14.78 0.14
0.0 0.0 0.0
0.0 0.0 0.0
0.0 0.0 0.0
0.0 0.0 0.0
0.0 0.0 0.0
0.0 0.0 0.0
0.0 0.0 0.0
0.0 0.0 0.0
0.0 0.0 0.0
0.0 0.0 0.0
0.0 0.0 0.0
0.0 0.0 0.0
0.0 0.0 0.0
0.0 0.0 0.0
0.0 0.0 0.0
2.11 4.22 0.08
2.11 4.22 0.2
2.11 4.22 0.38
0.0 0.0 0.0
0.0 0.0 0.0
2.11 6.33 0.1
2.11 6.33 0.38
2.11 6.33 0.7
2.11 6.33 1.18
0.0 0.0 0.0
2.11 8.44 0.02
2.11 8.44 0.32
2.11 8.44 0.82
2.11 8.44 1.38
2.11 8.44 2.1
0.0 0.0 0.0
2.11 10.56 0.02
2.11 10.56 0.32
2.11 10.56 0.84
2.11 10.56 1.46
2.11 10.56 2.34
0.0 0.0 0.0
0.0 0.0 0.0
2.11 12.67 0.1
2.11 12.67 0.36
2.11 12.67 0.76
2.11 12.67 1.28
0.0 0.0 0.0
0.0 0.0 0.0
0.0 0.0 0.0
0.0 0.0 0.0
0.0 0.0 0.0
0.0 0.0 0.0
0.0 0.0 0.0
0.0 0.0 0.0
0.0 0.0 0.0
4.22 2.11 0.04
4.22 2.11 0.18
4.22 2.11 0.36
0.0 0.0 0.0
0.0 0.0 0.0
4.22 4.22 0.02
4.22 4.22 0.18
4.22 4.22 0.4
4.22 4.22 0.72
0.0 0.0 0.0
0.0 0.0 0.0
4.22 6.33 0.2
4.22 6.33 0.54
4.22 6.33 0.92
4.22 6.33 1.44
0.0 0.0 0.0
4.22 8.44 0.06
4.22 8.44 0.42
4.22 8.44 0.96
4.22 8.44 1.6
4.22 8.44 2.38
0.0 0.0 0.0
4.22 10.56 0.04
4.22 10.56 0.4
4.22 10.56 0.96
4.22 10.56 1.66
4.22 10.56 2.6
0.0 0.0 0.0
0.0 0.0 0.0
4.22 12.67 0.14
4.22 12.67 0.46
4.22 12.67 0.86
4.22 12.67 1.38
0.0 0.0 0.0
0.0 0.0 0.0
0.0 0.0 0.0
4.22 14.78 0.14
4.22 14.78 0.32
4.22 14.78 0.56
0.0 0.0 0.0
0.0 0.0 0.0
0.0 0.0 0.0
0.0 0.0 0.0
4.22 16.89 0.12
4.22 16.89 0.3
0.0 0.0 0.0
0.0 0.0 0.0
0.0 0.0 0.0
0.0 0.0 0.0
4.22 19.0 0.02
4.22 19.0 0.08
0.0 0.0 0.0
0.0 0.0 0.0
6.33 2.11 0.08
6.33 2.11 0.28
6.33 2.11 0.56
6.33 2.11 0.94
0.0 0.0 0.0
0.0 0.0 0.0
6.33 4.22 0.18
6.33 4.22 0.46
6.33 4.22 0.82
6.33 4.22 1.32
0.0 0.0 0.0
6.33 6.33 0.04
6.33 6.33 0.3
6.33 6.33 0.64
6.33 6.33 1.02
6.33 6.33 1.48
0.0 0.0 0.0
6.33 8.44 0.1
6.33 8.44 0.46
6.33 8.44 0.9
6.33 8.44 1.42
6.33 8.44 2.1
0.0 0.0 0.0
6.33 10.56 0.08
6.33 10.56 0.42
6.33 10.56 0.86
6.33 10.56 1.46
6.33 10.56 2.22
0.0 0.0 0.0
6.33 12.67 0.04
6.33 12.67 0.26
6.33 12.67 0.54
6.33 12.67 0.92
6.33 12.67 1.36
0.0 0.0 0.0
0.0 0.0 0.0
6.33 14.78 0.12
6.33 14.78 0.34
6.33 14.78 0.64
6.33 14.78 1.02
0.0 0.0 0.0
0.0 0.0 0.0
6.33 16.89 0.02
6.33 16.89 0.2
6.33 16.89 0.52
6.33 16.89 0.94
0.0 0.0 0.0
0.0 0.0 0.0
0.0 0.0 0.0
6.33 19.0 0.04
6.33 19.0 0.18
6.33 19.0 0.42
0.0 0.0 0.0
8.44 2.11 0.02
8.44 2.11 0.26
8.44 2.11 0.66
8.44 2.11 1.2
8.44 2.11 1.88
0.0 0.0 0.0
8.44 4.22 0.06
8.44 4.22 0.4
8.44 4.22 0.86
8.44 4.22 1.52
8.44 4.22 2.28
0.0 0.0 0.0
8.44 6.33 0.1
8.44 6.33 0.46
8.44 6.33 0.88
8.44 6.33 1.4
8.44 6.33 2.08
0.0 0.0 0.0
8.44 8.44 0.12
8.44 8.44 0.56
8.44 8.44 1.12
8.44 8.44 1.74
8.44 8.44 2.54
0.0 0.0 0.0
8.44 10.56 0.12
8.44 10.56 0.54
8.44 10.56 1.16
8.44 10.56 1.88
8.44 10.56 2.8
0.0 0.0 0.0
8.44 12.67 0.04
8.44 12.67 0.36
8.44 12.67 0.78
8.44 12.67 1.32
8.44 12.67 1.98
0.0 0.0 0.0
0.0 0.0 0.0
8.44 14.78 0.22
8.44 14.78 0.6
8.44 14.78 1.1
8.44 14.78 1.78
0.0 0.0 0.0
0.0 0.0 0.0
8.44 16.89 0.14
8.44 16.89 0.52
8.44 16.89 1.06
8.44 16.89 1.92
0.0 0.0 0.0
0.0 0.0 0.0
0.0 0.0 0.0
8.44 19.0 0.2
8.44 19.0 0.56
8.44 19.0 1.06
0.0 0.0 0.0
10.56 2.11 0.02
10.56 2.11 0.36
10.56 2.11 0.84
10.56 2.11 1.54
10.56 2.11 2.3
0.0 0.0 0.0
10.56 4.22 0.08
10.56 4.22 0.48
10.56 4.22 1.08
10.56 4.22 1.84
10.56 4.22 2.76
0.0 0.0 0.0
10.56 6.33 0.12
10.56 6.33 0.48
10.56 6.33 0.98
10.56 6.33 2.0
10.56 6.33 2.38
0.0 0.0 0.0
10.56 8.44 0.12
10.56 8.44 0.6
10.56 8.44 1.22
10.56 8.44 1.92
10.56 8.44 2.76
0.0 0.0 0.0
10.56 10.56 0.12
10.56 10.56 0.6
10.56 10.56 1.32
10.56 10.56 2.12
10.56 10.56 3.12
0.0 0.0 0.0
10.56 12.67 0.06
10.56 12.67 0.38
10.56 12.67 0.88
10.56 12.67 1.48
10.56 12.67 2.26
0.0 0.0 0.0
0.0 0.0 0.0
10.56 14.78 0.22
10.56 14.78 0.64
10.56 14.78 1.22
10.56 14.78 1.92
0.0 0.0 0.0
0.0 0.0 0.0
10.56 16.89 0.14
10.56 16.89 0.56
10.56 16.89 1.22
10.56 16.89 2.14
0.0 0.0 0.0
0.0 0.0 0.0
0.0 0.0 0.0
10.56 19.0 0.22
10.56 19.0 0.64
10.56 19.0 1.24
0.0 0.0 0.0
0.0 0.0 0.0
12.67 2.11 0.16
12.67 2.11 0.5
12.67 2.11 0.96
12.67 2.11 1.56
0.0 0.0 0.0
0.0 0.0 0.0
12.67 4.22 0.26
12.67 4.22 0.66
12.67 4.22 1.22
12.67 4.22 1.92
0.0 0.0 0.0
12.67 6.33 0.02
12.67 6.33 0.3
12.67 6.33 0.68
12.67 6.33 1.16
12.67 6.33 1.72
0.0 0.0 0.0
12.67 8.44 0.08
12.67 8.44 0.4
12.67 8.44 0.88
12.67 8.44 1.44
12.67 8.44 2.06
0.0 0.0 0.0
12.67 10.56 0.06
12.67 10.56 0.38
12.67 10.56 0.9
12.67 10.56 1.52
12.67 10.56 2.26
0.0 0.0 0.0
12.67 12.67 0.02
12.67 12.67 0.24
12.67 12.67 0.6
12.67 12.67 1.06
12.67 12.67 1.62
0.0 0.0 0.0
0.0 0.0 0.0
12.67 14.78 0.1
12.67 14.78 0.38
12.67 14.78 0.76
12.67 14.78 1.24
0.0 0.0 0.0
0.0 0.0 0.0
12.67 16.89 0.02
12.67 16.89 0.26
12.67 16.89 0.66
12.67 16.89 1.2
0.0 0.0 0.0
0.0 0.0 0.0
0.0 0.0 0.0
12.67 19.0 0.04
12.67 19.0 0.28
12.67 19.0 0.6
0.0 0.0 0.0
0.0 0.0 0.0
14.78 4.22 0.02
14.78 4.22 0.24
14.78 4.22 0.52
14.78 4.22 0.84
0.0 0.0 0.0
0.0 0.0 0.0
14.78 6.33 0.08
14.78 6.33 0.36
14.78 6.33 0.68
14.78 6.33 1.08
0.0 0.0 0.0
0.0 0.0 0.0
14.78 8.44 0.16
14.78 8.44 0.54
14.78 8.44 1.02
14.78 8.44 1.6
0.0 0.0 0.0
0.0 0.0 0.0
14.78 10.56 0.18
14.78 10.56 0.56
14.78 10.56 1.14
14.78 10.56 1.84
0.0 0.0 0.0
0.0 0.0 0.0
14.78 12.67 0.08
14.78 12.67 0.36
14.78 12.67 0.76
14.78 12.67 1.26
0.0 0.0 0.0
0.0 0.0 0.0
0.0 0.0 0.0
0.0 0.0 0.0
14.78 19.0 0.02
14.78 19.0 0.14
0.0 0.0 0.0
0.0 0.0 0.0
0.0 0.0 0.0
0.0 0.0 0.0
16.89 4.22 0.12
16.89 4.22 0.34
0.0 0.0 0.0
0.0 0.0 0.0
0.0 0.0 0.0
16.89 6.33 0.1
16.89 6.33 0.38
16.89 6.33 0.76
0.0 0.0 0.0
0.0 0.0 0.0
16.89 8.44 0.02
16.89 8.44 0.28
16.89 8.44 0.84
16.89 8.44 1.5
0.0 0.0 0.0
0.0 0.0 0.0
16.89 10.56 0.02
16.89 10.56 0.38
16.89 10.56 1.06
16.89 10.56 1.94
0.0 0.0 0.0
0.0 0.0 0.0
0.0 0.0 0.0
16.89 12.67 0.18
16.89 12.67 0.62
16.89 12.67 1.26
0.0 0.0 0.0
0.0 0.0 0.0
0.0 0.0 0.0
0.0 0.0 0.0
0.0 0.0 0.0
0.0 0.0 0.0
0.0 0.0 0.0
0.0 0.0 0.0
0.0 0.0 0.0
0.0 0.0 0.0
0.0 0.0 0.0
0.0 0.0 0.0
0.0 0.0 0.0
0.0 0.0 0.0
0.0 0.0 0.0
0.0 0.0 0.0
0.0 0.0 0.0
19.0 4.22 0.06
0.0 0.0 0.0
0.0 0.0 0.0
0.0 0.0 0.0
0.0 0.0 0.0
19.0 6.33 0.12
19.0 6.33 0.36
0.0 0.0 0.0
0.0 0.0 0.0
0.0 0.0 0.0
19.0 8.44 0.08
19.0 8.44 0.4
19.0 8.44 0.88
0.0 0.0 0.0
0.0 0.0 0.0
0.0 0.0 0.0
19.0 10.56 0.12
19.0 10.56 0.54
19.0 10.56 1.16
0.0 0.0 0.0
0.0 0.0 0.0
0.0 0.0 0.0
19.0 12.67 0.02
19.0 12.67 0.26
19.0 12.67 0.66
0.0 0.0 0.0
0.0 0.0 0.0
0.0 0.0 0.0
0.0 0.0 0.0
19.0 14.78 0.02
19.0 14.78 0.14
0.0 0.0 0.0
0.0 0.0 0.0
0.0 0.0 0.0
0.0 0.0 0.0
0.0 0.0 0.0
0.0 0.0 0.0
0.0 0.0 0.0
0.0 0.0 0.0
0.0 0.0 0.0
0.0 0.0 0.0
0.0 0.0 0.0
0.0 0.0 0.0
0.0 0.0 0.0
0.0 0.0 0.0
0.0 0.0 0.0
2.11 4.22 0.08
2.11 4.22 0.22
2.11 4.22 0.38
0.0 0.0 0.0
0.0 0.0 0.0
2.11 6.33 0.1
2.11 6.33 0.38
2.11 6.33 0.7
2.11 6.33 1.18
0.0 0.0 0.0
2.11 8.44 0.02
2.11 8.44 0.32
2.11 8.44 0.8
2.11 8.44 1.38
2.11 8.44 2.1
0.0 0.0 0.0
2.11 10.56 0.02
2.11 10.56 0.32
2.11 10.56 0.84
2.11 10.56 1.46
2.11 10.56 2.3
0.0 0.0 0.0
0.0 0.0 0.0
2.11 12.67 0.1
2.11 12.67 0.36
2.11 12.67 0.76
2.11 12.67 1.28
0.0 0.0 0.0
0.0 0.0 0.0
0.0 0.0 0.0
0.0 0.0 0.0
0.0 0.0 0.0
0.0 0.0 0.0
0.0 0.0 0.0
0.0 0.0 0.0
0.0 0.0 0.0
4.22 2.11 0.04
4.22 2.11 0.18
4.22 2.11 0.36
0.0 0.0 0.0
0.0 0.0 0.0
4.22 4.22 0.02
4.22 4.22 0.2
4.22 4.22 0.4
4.22 4.22 0.72
0.0 0.0 0.0
0.0 0.0 0.0
4.22 6.33 0.2
4.22 6.33 0.54
4.22 6.33 0.92
4.22 6.33 1.44
0.0 0.0 0.0
4.22 8.44 0.06
4.22 8.44 0.42
4.22 8.44 0.98
4.22 8.44 1.58
4.22 8.44 2.36
0.0 0.0 0.0
4.22 10.56 0.06
4.22 10.56 0.4
4.22 10.56 0.96
4.22 10.56 1.64
4.22 10.56 2.58
0.0 0.0 0.0
0.0 0.0 0.0
4.22 12.67 0.14
4.22 12.67 0.46
4.22 12.67 0.86
4.22 12.67 1.38
0.0 0.0 0.0
0.0 0.0 0.0
0.0 0.0 0.0
4.22 14.78 0.12
4.22 14.78 0.32
4.22 14.78 0.56
0.0 0.0 0.0
0.0 0.0 0.0
0.0 0.0 0.0
0.0 0.0 0.0
4.22 16.89 0.12
4.22 16.89 0.28
0.0 0.0 0.0
0.0 0.0 0.0
0.0 0.0 0.0
0.0 0.0 0.0
4.22 19.0 0.02
4.22 19.0 0.08
0.0 0.0 0.0
0.0 0.0 0.0
6.33 2.11 0.08
6.33 2.11 0.26
6.33 2.11 0.54
6.33 2.11 0.94
0.0 0.0 0.0
0.0 0.0 0.0
6.33 4.22 0.16
6.33 4.22 0.44
6.33 4.22 0.8
6.33 4.22 1.32
0.0 0.0 0.0
6.33 6.33 0.04
6.33 6.33 0.3
6.33 6.33 0.64
6.33 6.33 1.02
6.33 6.33 1.48
0.0 0.0 0.0
6.33 8.44 0.1
6.33 8.44 0.44
6.33 8.44 0.88
6.33 8.44 1.42
6.33 8.44 2.08
0.0 0.0 0.0
6.33 10.56 0.08
6.33 10.56 0.4
6.33 10.56 0.86
6.33 10.56 1.44
6.33 10.56 2.2
0.0 0.0 0.0
6.33 12.67 0.02
6.33 12.67 0.24
6.33 12.67 0.54
6.33 12.67 0.9
6.33 12.67 1.34
0.0 0.0 0.0
0.0 0.0 0.0
6.33 14.78 0.12
6.33 14.78 0.34
6.33 14.78 0.64
6.33 14.78 1.02
0.0 0.0 0.0
0.0 0.0 0.0
0.0 0.0 0.0
6.33 16.89 0.2
6.33 16.89 0.5
6.33 16.89 0.92
0.0 0.0 0.0
0.0 0.0 0.0
0.0 0.0 0.0
6.33 19.0 0.04
6.33 19.0 0.18
6.33 19.0 0.42
0.0 0.0 0.0
0.0 0.0 0.0
8.44 2.11 0.26
8.44 2.11 0.64
8.44 2.11 1.2
8.44 2.11 1.88
0.0 0.0 0.0
8.44 4.22 0.04
8.44 4.22 0.4
8.44 4.22 0.86
8.44 4.22 1.5
8.44 4.22 2.28
0.0 0.0 0.0
8.44 6.33 0.1
8.44 6.33 0.44
8.44 6.33 0.86
8.44 6.33 1.4
8.44 6.33 2.06
0.0 0.0 0.0
8.44 8.44 0.12
8.44 8.44 0.56
8.44 8.44 1.1
8.44 8.44 1.72
8.44 8.44 2.52
0.0 0.0 0.0
8.44 10.56 0.1
8.44 10.56 0.54
8.44 10.56 1.14
8.44 10.56 1.86
8.44 10.56 2.78
0.0 0.0 0.0
8.44 12.67 0.04
8.44 12.67 0.34
8.44 12.67 0.78
8.44 12.67 1.32
8.44 12.67 1.96
0.0 0.0 0.0
0.0 0.0 0.0
8.44 14.78 0.22
8.44 14.78 0.58
8.44 14.78 1.08
8.44 14.78 1.74
0.0 0.0 0.0
0.0 0.0 0.0
8.44 16.89 0.12
8.44 16.89 0.5
8.44 16.89 1.06
8.44 16.89 1.92
0.0 0.0 0.0
0.0 0.0 0.0
0.0 0.0 0.0
8.44 19.0 0.2
8.44 19.0 0.54
8.44 19.0 1.06
0.0 0.0 0.0
10.56 2.11 0.02
10.56 2.11 0.34
10.56 2.11 0.82
10.56 2.11 1.52
10.56 2.11 2.28
0.0 0.0 0.0
10.56 4.22 0.06
10.56 4.22 0.46
10.56 4.22 1.06
10.56 4.22 1.82
10.56 4.22 2.74
0.0 0.0 0.0
10.56 6.33 0.1
10.56 6.33 0.5
10.56 6.33 0.98
10.56 6.33 1.6
10.56 6.33 2.38
0.0 0.0 0.0
10.56 8.44 0.12
10.56 8.44 0.58
10.56 8.44 1.2
10.56 8.44 1.9
10.56 8.44 2.76
0.0 0.0 0.0
10.56 10.56 0.1
10.56 10.56 0.58
10.56 10.56 1.32
10.56 10.56 2.1
10.56 10.56 3.1
0.0 0.0 0.0
10.56 12.67 0.06
10.56 12.67 0.38
10.56 12.67 0.86
10.56 12.67 1.48
10.56 12.67 2.24
0.0 0.0 0.0
0.0 0.0 0.0
10.56 14.78 0.22
10.56 14.78 0.62
10.56 14.78 1.2
10.56 14.78 1.9
0.0 0.0 0.0
0.0 0.0 0.0
10.56 16.89 0.12
10.56 16.89 0.54
10.56 16.89 1.2
10.56 16.89 2.12
0.0 0.0 0.0
0.0 0.0 0.0
0.0 0.0 0.0
10.56 19.0 0.22
10.56 19.0 0.62
10.56 19.0 1.24
0.0 0.0 0.0
0.0 0.0 0.0
12.67 2.11 0.16
12.67 2.11 0.48
12.67 2.11 0.94
12.67 2.11 1.54
0.0 0.0 0.0
0.0 0.0 0.0
12.67 4.22 0.26
12.67 4.22 0.66
12.67 4.22 1.22
12.67 4.22 1.9
0.0 0.0 0.0
12.67 6.33 0.02
12.67 6.33 0.28
12.67 6.33 0.68
12.67 6.33 1.14
12.67 6.33 1.7
0.0 0.0 0.0
12.67 8.44 0.06
12.67 8.44 0.4
12.67 8.44 0.88
12.67 8.44 1.42
12.67 8.44 2.06
0.0 0.0 0.0
12.67 10.56 0.06
12.67 10.56 0.38
12.67 10.56 0.88
12.67 10.56 1.52
12.67 10.56 2.24
0.0 0.0 0.0
0.0 0.0 0.0
12.67 12.67 0.24
12.67 12.67 0.6
12.67 12.67 1.06
12.67 12.67 1.6
0.0 0.0 0.0
0.0 0.0 0.0
12.67 14.78 0.1
12.67 14.78 0.38
12.67 14.78 0.76
12.67 14.78 1.24
0.0 0.0 0.0
0.0 0.0 0.0
0.0 0.0 0.0
12.67 16.89 0.26
12.67 16.89 0.66
12.67 16.89 1.18
0.0 0.0 0.0
0.0 0.0 0.0
0.0 0.0 0.0
12.67 19.0 0.06
12.67 19.0 0.28
12.67 19.0 0.6
0.0 0.0 0.0
0.0 0.0 0.0
14.78 4.22 0.02
14.78 4.22 0.22
14.78 4.22 0.5
14.78 4.22 0.84
0.0 0.0 0.0
0.0 0.0 0.0
14.78 6.33 0.08
14.78 6.33 0.34
14.78 6.33 0.68
14.78 6.33 1.06
0.0 0.0 0.0
0.0 0.0 0.0
14.78 8.44 0.16
14.78 8.44 0.52
14.78 8.44 1.0
14.78 8.44 1.56
0.0 0.0 0.0
0.0 0.0 0.0
14.78 10.56 0.18
14.78 10.56 0.56
14.78 10.56 1.12
14.78 10.56 1.8
0.0 0.0 0.0
0.0 0.0 0.0
14.78 12.67 0.08
14.78 12.67 0.36
14.78 12.67 0.74
14.78 12.67 1.24
0.0 0.0 0.0
0.0 0.0 0.0
0.0 0.0 0.0
0.0 0.0 0.0
14.78 19.0 0.02
14.78 19.0 0.14
0.0 0.0 0.0
0.0 0.0 0.0
0.0 0.0 0.0
0.0 0.0 0.0
16.89 4.22 0.12
16.89 4.22 0.34
0.0 0.0 0.0
0.0 0.0 0.0
0.0 0.0 0.0
16.89 6.33 0.1
16.89 6.33 0.36
16.89 6.33 2.0
0.0 0.0 0.0
0.0 0.0 0.0
0.0 0.0 0.0
16.89 8.44 0.28
16.89 8.44 0.82
16.89 8.44 1.48
0.0 0.0 0.0
0.0 0.0 0.0
0.0 0.0 0.0
16.89 10.56 0.38
16.89 10.56 1.04
16.89 10.56 1.92
0.0 0.0 0.0
0.0 0.0 0.0
0.0 0.0 0.0
16.89 12.67 0.18
16.89 12.67 0.62
16.89 12.67 1.26
0.0 0.0 0.0
0.0 0.0 0.0
0.0 0.0 0.0
0.0 0.0 0.0
0.0 0.0 0.0
0.0 0.0 0.0
0.0 0.0 0.0
0.0 0.0 0.0
0.0 0.0 0.0
0.0 0.0 0.0
0.0 0.0 0.0
0.0 0.0 0.0
0.0 0.0 0.0
0.0 0.0 0.0
0.0 0.0 0.0
0.0 0.0 0.0
0.0 0.0 0.0
19.0 4.22 0.06
0.0 0.0 0.0
0.0 0.0 0.0
0.0 0.0 0.0
0.0 0.0 0.0
19.0 6.33 0.12
19.0 6.33 0.36
0.0 0.0 0.0
0.0 0.0 0.0
0.0 0.0 0.0
19.0 8.44 0.06
19.0 8.44 0.38
19.0 8.44 0.86
0.0 0.0 0.0
0.0 0.0 0.0
0.0 0.0 0.0
19.0 10.56 0.12
19.0 10.56 0.54
19.0 10.56 1.14
0.0 0.0 0.0
0.0 0.0 0.0
0.0 0.0 0.0
19.0 12.67 0.02
19.0 12.67 0.26
19.0 12.67 0.68
0.0 0.0 0.0
0.0 0.0 0.0
0.0 0.0 0.0
0.0 0.0 0.0
19.0 14.78 0.02
19.0 14.78 0.14
0.0 0.0 0.0
0.0 0.0 0.0
0.0 0.0 0.0
0.0 0.0 0.0
0.0 0.0 0.0
0.0 0.0 0.0
0.0 0.0 0.0
0.0 0.0 0.0
0.0 0.0 0.0
0.0 0.0 0.0
0.0 0.0 0.0
0.0 0.0 0.0
0.0 0.0 0.0
0.0 0.0 0.0
0.0 0.0 0.0
2.11 4.22 0.08
2.11 4.22 0.2
2.11 4.22 0.38
0.0 0.0 0.0
0.0 0.0 0.0
2.11 6.33 0.1
2.11 6.33 0.38
2.11 6.33 0.68
2.11 6.33 1.16
0.0 0.0 0.0
0.0 0.0 0.0
2.11 8.44 0.3
2.11 8.44 0.8
2.11 8.44 1.36
2.11 8.44 2.06
0.0 0.0 0.0
2.11 10.56 0.02
2.11 10.56 0.32
2.11 10.56 0.82
2.11 10.56 1.46
2.11 10.56 2.3
0.0 0.0 0.0
0.0 0.0 0.0
2.11 12.67 0.1
2.11 12.67 0.36
2.11 12.67 0.76
2.11 12.67 1.28
0.0 0.0 0.0
0.0 0.0 0.0
0.0 0.0 0.0
0.0 0.0 0.0
0.0 0.0 0.0
0.0 0.0 0.0
0.0 0.0 0.0
0.0 0.0 0.0
0.0 0.0 0.0
4.22 2.11 0.04
4.22 2.11 0.18
4.22 2.11 0.34
0.0 0.0 0.0
0.0 0.0 0.0
4.22 4.22 0.02
4.22 4.22 0.18
4.22 4.22 0.4
4.22 4.22 0.72
0.0 0.0 0.0
0.0 0.0 0.0
4.22 6.33 0.2
4.22 6.33 0.52
4.22 6.33 0.9
4.22 6.33 1.42
0.0 0.0 0.0
4.22 8.44 0.06
4.22 8.44 0.42
4.22 8.44 0.96
4.22 8.44 1.58
4.22 8.44 2.34
0.0 0.0 0.0
4.22 10.56 0.04
4.22 10.56 0.4
4.22 10.56 0.96
4.22 10.56 1.64
4.22 10.56 2.58
0.0 0.0 0.0
0.0 0.0 0.0
4.22 12.67 0.14
4.22 12.67 0.46
4.22 12.67 0.86
4.22 12.67 6.0
0.0 0.0 0.0
0.0 0.0 0.0
0.0 0.0 0.0
4.22 14.78 0.12
4.22 14.78 0.3
4.22 14.78 0.54
0.0 0.0 0.0
0.0 0.0 0.0
0.0 0.0 0.0
0.0 0.0 0.0
4.22 16.89 0.12
4.22 16.89 0.28
0.0 0.0 0.0
0.0 0.0 0.0
0.0 0.0 0.0
0.0 0.0 0.0
4.22 19.0 0.02
4.22 19.0 0.08
0.0 0.0 0.0
0.0 0.0 0.0
6.33 2.11 0.08
6.33 2.11 0.26
6.33 2.11 0.54
6.33 2.11 0.92
0.0 0.0 0.0
0.0 0.0 0.0
6.33 4.22 0.16
6.33 4.22 0.44
6.33 4.22 0.8
6.33 4.22 1.3
0.0 0.0 0.0
6.33 6.33 0.04
6.33 6.33 0.28
6.33 6.33 0.64
6.33 6.33 1.0
6.33 6.33 1.46
0.0 0.0 0.0
6.33 8.44 0.1
6.33 8.44 0.44
6.33 8.44 0.88
6.33 8.44 1.42
6.33 8.44 2.06
0.0 0.0 0.0
6.33 10.56 0.08
6.33 10.56 0.4
6.33 10.56 0.86
6.33 10.56 1.44
6.33 10.56 2.18
0.0 0.0 0.0
6.33 12.67 0.02
6.33 12.67 0.24
6.33 12.67 0.54
6.33 12.67 0.92
6.33 12.67 1.34
0.0 0.0 0.0
0.0 0.0 0.0
6.33 14.78 0.1
6.33 14.78 0.34
6.33 14.78 0.64
6.33 14.78 1.0
0.0 0.0 0.0
0.0 0.0 0.0
0.0 0.0 0.0
6.33 16.89 0.2
6.33 16.89 0.5
6.33 16.89 0.92
0.0 0.0 0.0
0.0 0.0 0.0
0.0 0.0 0.0
6.33 19.0 0.04
6.33 19.0 0.18
6.33 19.0 0.42
0.0 0.0 0.0
0.0 0.0 0.0
8.44 2.11 0.24
8.44 2.11 0.64
8.44 2.11 1.18
8.44 2.11 1.86
0.0 0.0 0.0
8.44 4.22 0.04
8.44 4.22 0.38
8.44 4.22 0.86
8.44 4.22 1.48
8.44 4.22 2.26
0.0 0.0 0.0
8.44 6.33 0.1
8.44 6.33 0.44
8.44 6.33 0.86
8.44 6.33 1.38
8.44 6.33 2.06
0.0 0.0 0.0
8.44 8.44 0.12
8.44 8.44 0.54
8.44 8.44 1.1
8.44 8.44 1.72
8.44 8.44 2.52
0.0 0.0 0.0
8.44 10.56 0.12
8.44 10.56 0.54
8.44 10.56 1.14
8.44 10.56 1.86
8.44 10.56 2.78
0.0 0.0 0.0
8.44 12.67 0.06
8.44 12.67 0.34
8.44 12.67 0.78
8.44 12.67 1.32
8.44 12.67 1.96
0.0 0.0 0.0
0.0 0.0 0.0
8.44 14.78 0.22
8.44 14.78 0.58
8.44 14.78 1.08
8.44 14.78 1.74
0.0 0.0 0.0
0.0 0.0 0.0
8.44 16.89 0.12
8.44 16.89 0.5
8.44 16.89 1.06
8.44 16.89 1.9
0.0 0.0 0.0
0.0 0.0 0.0
0.0 0.0 0.0
8.44 19.0 0.2
8.44 19.0 0.54
8.44 19.0 1.06
0.0 0.0 0.0
10.56 2.11 0.02
10.56 2.11 0.34
10.56 2.11 0.82
10.56 2.11 1.52
10.56 2.11 2.28
0.0 0.0 0.0
10.56 4.22 0.06
10.56 4.22 0.48
10.56 4.22 1.06
10.56 4.22 1.8
10.56 4.22 2.74
0.0 0.0 0.0
10.56 6.33 0.12
10.56 6.33 0.48
10.56 6.33 0.96
10.56 6.33 1.6
10.56 6.33 2.38
0.0 0.0 0.0
10.56 8.44 0.12
10.56 8.44 0.58
10.56 8.44 1.2
10.56 8.44 1.9
10.56 8.44 2.74
0.0 0.0 0.0
10.56 10.56 0.12
10.56 10.56 0.58
10.56 10.56 1.28
10.56 10.56 2.1
10.56 10.56 3.08
0.0 0.0 0.0
10.56 12.67 0.06
10.56 12.67 0.38
10.56 12.67 0.86
10.56 12.67 1.48
10.56 12.67 2.24
0.0 0.0 0.0
0.0 0.0 0.0
10.56 14.78 0.22
10.56 14.78 0.64
10.56 14.78 1.2
10.56 14.78 1.9
0.0 0.0 0.0
0.0 0.0 0.0
10.56 16.89 0.12
10.56 16.89 0.54
10.56 16.89 1.2
10.56 16.89 2.1
0.0 0.0 0.0
0.0 0.0 0.0
0.0 0.0 0.0
10.56 19.0 0.22
10.56 19.0 0.62
10.56 19.0 1.24
0.0 0.0 0.0
0.0 0.0 0.0
12.67 2.11 0.16
12.67 2.11 0.48
12.67 2.11 0.94
12.67 2.11 1.54
0.0 0.0 0.0
0.0 0.0 0.0
12.67 4.22 0.24
12.67 4.22 0.66
12.67 4.22 1.2
12.67 4.22 1.9
0.0 0.0 0.0
12.67 6.33 0.04
12.67 6.33 0.28
12.67 6.33 0.68
12.67 6.33 1.14
12.67 6.33 1.7
0.0 0.0 0.0
12.67 8.44 0.06
12.67 8.44 0.4
12.67 8.44 0.86
12.67 8.44 1.42
12.67 8.44 2.04
0.0 0.0 0.0
12.67 10.56 0.06
12.67 10.56 0.38
12.67 10.56 0.88
12.67 10.56 1.5
12.67 10.56 2.24
0.0 0.0 0.0
12.67 12.67 0.02
12.67 12.67 0.24
12.67 12.67 0.58
12.67 12.67 1.04
12.67 12.67 1.6
0.0 0.0 0.0
0.0 0.0 0.0
12.67 14.78 0.1
12.67 14.78 0.38
12.67 14.78 0.76
12.67 14.78 1.24
0.0 0.0 0.0
0.0 0.0 0.0
0.0 0.0 0.0
12.67 16.89 0.24
12.67 16.89 0.64
12.67 16.89 1.18
0.0 0.0 0.0
0.0 0.0 0.0
0.0 0.0 0.0
12.67 19.0 0.06
12.67 19.0 0.28
12.67 19.0 0.6
0.0 0.0 0.0
0.0 0.0 0.0
14.78 4.22 0.02
14.78 4.22 0.22
14.78 4.22 0.5
14.78 4.22 0.82
0.0 0.0 0.0
0.0 0.0 0.0
14.78 6.33 0.08
14.78 6.33 0.34
14.78 6.33 0.68
14.78 6.33 1.06
0.0 0.0 0.0
0.0 0.0 0.0
14.78 8.44 0.16
14.78 8.44 0.52
14.78 8.44 1.0
14.78 8.44 1.56
0.0 0.0 0.0
0.0 0.0 0.0
14.78 10.56 0.18
14.78 10.56 0.56
14.78 10.56 1.12
14.78 10.56 1.8
0.0 0.0 0.0
0.0 0.0 0.0
14.78 12.67 0.08
14.78 12.67 0.36
14.78 12.67 0.74
14.78 12.67 1.24
0.0 0.0 0.0
0.0 0.0 0.0
0.0 0.0 0.0
0.0 0.0 0.0
14.78 19.0 0.04
14.78 19.0 0.14
0.0 0.0 0.0
0.0 0.0 0.0
0.0 0.0 0.0
0.0 0.0 0.0
16.89 4.22 0.12
16.89 4.22 0.32
0.0 0.0 0.0
0.0 0.0 0.0
0.0 0.0 0.0
16.89 6.33 0.1
16.89 6.33 0.38
16.89 6.33 0.74
0.0 0.0 0.0
0.0 0.0 0.0
0.0 0.0 0.0
16.89 8.44 0.28
16.89 8.44 0.82
16.89 8.44 1.46
0.0 0.0 0.0
0.0 0.0 0.0
16.89 10.56 0.02
16.89 10.56 0.38
16.89 10.56 1.04
16.89 10.56 1.9
0.0 0.0 0.0
0.0 0.0 0.0
0.0 0.0 0.0
16.89 12.67 0.18
16.89 12.67 0.6
16.89 12.67 1.26
0.0 0.0 0.0
0.0 0.0 0.0
0.0 0.0 0.0
0.0 0.0 0.0
0.0 0.0 0.0
0.0 0.0 0.0
0.0 0.0 0.0
0.0 0.0 0.0
0.0 0.0 0.0
0.0 0.0 0.0
0.0 0.0 0.0
0.0 0.0 0.0
0.0 0.0 0.0
0.0 0.0 0.0
0.0 0.0 0.0
0.0 0.0 0.0
0.0 0.0 0.0
19.0 4.22 0.06
0.0 0.0 0.0
0.0 0.0 0.0
0.0 0.0 0.0
0.0 0.0 0.0
19.0 6.33 0.12
19.0 6.33 0.34
0.0 0.0 0.0
0.0 0.0 0.0
0.0 0.0 0.0
19.0 8.44 0.06
19.0 8.44 0.38
19.0 8.44 0.86
0.0 0.0 0.0
0.0 0.0 0.0
0.0 0.0 0.0
19.0 10.56 0.1
19.0 10.56 0.52
19.0 10.56 1.14
0.0 0.0 0.0
0.0 0.0 0.0
0.0 0.0 0.0
19.0 12.67 0.02
19.0 12.67 0.26
19.0 12.67 0.66
0.0 0.0 0.0
0.0 0.0 0.0
0.0 0.0 0.0
0.0 0.0 0.0
19.0 14.78 0.02
19.0 14.78 0.14
0.0 0.0 0.0
0.0 0.0 0.0
0.0 0.0 0.0
0.0 0.0 0.0
0.0 0.0 0.0
0.0 0.0 0.0
0.0 0.0 0.0
0.0 0.0 0.0
0.0 0.0 0.0
0.0 0.0 0.0
0.0 0.0 0.0
0.0 0.0 0.0
0.0 0.0 0.0
0.0 0.0 0.0
0.0 0.0 0.0
2.11 4.22 0.06
2.11 4.22 0.2
2.11 4.22 0.36
0.0 0.0 0.0
0.0 0.0 0.0
2.11 6.33 0.1
2.11 6.33 0.38
2.11 6.33 0.68
2.11 6.33 1.14
0.0 0.0 0.0
0.0 0.0 0.0
2.11 8.44 0.3
2.11 8.44 0.78
2.11 8.44 1.34
2.11 8.44 2.06
0.0 0.0 0.0
0.0 0.0 0.0
2.11 10.56 0.32
2.11 10.56 0.82
2.11 10.56 1.44
2.11 10.56 2.28
0.0 0.0 0.0
0.0 0.0 0.0
2.11 12.67 0.1
2.11 12.67 0.36
2.11 12.67 0.76
2.11 12.67 1.28
0.0 0.0 0.0
0.0 0.0 0.0
0.0 0.0 0.0
0.0 0.0 0.0
0.0 0.0 0.0
0.0 0.0 0.0
0.0 0.0 0.0
0.0 0.0 0.0
0.0 0.0 0.0
4.22 2.11 0.04
4.22 2.11 0.16
4.22 2.11 0.34
0.0 0.0 0.0
0.0 0.0 0.0
4.22 4.22 0.02
4.22 4.22 0.18
4.22 4.22 0.4
4.22 4.22 0.7
0.0 0.0 0.0
0.0 0.0 0.0
4.22 6.33 0.2
4.22 6.33 0.54
4.22 6.33 0.9
4.22 6.33 1.42
0.0 0.0 0.0
4.22 8.44 0.06
4.22 8.44 0.42
4.22 8.44 0.94
4.22 8.44 1.56
4.22 8.44 2.32
0.0 0.0 0.0
4.22 10.56 0.04
4.22 10.56 0.4
4.22 10.56 0.96
4.22 10.56 1.64
4.22 10.56 2.56
0.0 0.0 0.0
0.0 0.0 0.0
4.22 12.67 0.16
4.22 12.67 0.44
4.22 12.67 0.86
4.22 12.67 1.38
0.0 0.0 0.0
0.0 0.0 0.0
0.0 0.0 0.0
4.22 14.78 0.14
4.22 14.78 0.3
4.22 14.78 0.56
0.0 0.0 0.0
0.0 0.0 0.0
0.0 0.0 0.0
4.22 16.89 0.02
4.22 16.89 0.12
4.22 16.89 0.28
0.0 0.0 0.0
0.0 0.0 0.0
0.0 0.0 0.0
0.0 0.0 0.0
4.22 19.0 0.02
4.22 19.0 0.08
0.0 0.0 0.0
0.0 0.0 0.0
6.33 2.11 0.06
6.33 2.11 0.26
6.33 2.11 0.54
6.33 2.11 0.94
0.0 0.0 0.0
0.0 0.0 0.0
6.33 4.22 0.16
6.33 4.22 0.44
6.33 4.22 0.8
6.33 4.22 1.32
0.0 0.0 0.0
6.33 6.33 0.04
6.33 6.33 0.3
6.33 6.33 0.64
6.33 6.33 1.02
6.33 6.33 1.46
0.0 0.0 0.0
6.33 8.44 0.1
6.33 8.44 0.44
6.33 8.44 0.86
6.33 8.44 1.4
6.33 8.44 2.06
0.0 0.0 0.0
6.33 10.56 0.08
6.33 10.56 0.4
6.33 10.56 0.86
6.33 10.56 1.44
6.33 10.56 2.18
0.0 0.0 0.0
6.33 12.67 0.02
6.33 12.67 0.24
6.33 12.67 0.54
6.33 12.67 0.9
6.33 12.67 1.34
0.0 0.0 0.0
0.0 0.0 0.0
6.33 14.78 0.12
6.33 14.78 0.34
6.33 14.78 0.64
6.33 14.78 1.0
0.0 0.0 0.0
0.0 0.0 0.0
6.33 16.89 0.02
6.33 16.89 0.2
6.33 16.89 0.5
6.33 16.89 0.92
0.0 0.0 0.0
0.0 0.0 0.0
0.0 0.0 0.0
6.33 19.0 0.04
6.33 19.0 0.18
6.33 19.0 0.42
0.0 0.0 0.0
8.44 2.11 0.02
8.44 2.11 0.24
8.44 2.11 0.64
8.44 2.11 1.18
8.44 2.11 1.86
0.0 0.0 0.0
8.44 4.22 0.06
8.44 4.22 0.4
8.44 4.22 0.86
8.44 4.22 1.48
8.44 4.22 2.26
0.0 0.0 0.0
8.44 6.33 0.1
8.44 6.33 0.44
8.44 6.33 0.86
8.44 6.33 1.38
8.44 6.33 2.04
0.0 0.0 0.0
8.44 8.44 0.12
8.44 8.44 0.54
8.44 8.44 1.08
8.44 8.44 1.72
8.44 8.44 2.5
0.0 0.0 0.0
8.44 10.56 0.12
8.44 10.56 0.54
8.44 10.56 1.14
8.44 10.56 1.84
8.44 10.56 2.78
0.0 0.0 0.0
8.44 12.67 0.06
8.44 12.67 0.34
8.44 12.67 0.78
8.44 12.67 1.3
8.44 12.67 1.96
0.0 0.0 0.0
0.0 0.0 0.0
8.44 14.78 0.22
8.44 14.78 0.6
8.44 14.78 1.08
8.44 14.78 1.74
0.0 0.0 0.0
0.0 0.0 0.0
8.44 16.89 0.12
8.44 16.89 0.5
8.44 16.89 1.04
8.44 16.89 1.9
0.0 0.0 0.0
0.0 0.0 0.0
0.0 0.0 0.0
8.44 19.0 0.18
8.44 19.0 0.54
8.44 19.0 1.06
0.0 0.0 0.0
10.56 2.11 0.02
10.56 2.11 0.34
10.56 2.11 0.82
10.56 2.11 1.5
10.56 2.11 2.26
0.0 0.0 0.0
10.56 4.22 0.06
10.56 4.22 0.48
10.56 4.22 1.04
10.56 4.22 1.8
10.56 4.22 2.72
0.0 0.0 0.0
10.56 6.33 0.12
10.56 6.33 0.48
10.56 6.33 0.96
10.56 6.33 1.6
10.56 6.33 2.38
0.0 0.0 0.0
10.56 8.44 0.12
10.56 8.44 0.58
10.56 8.44 1.2
10.56 8.44 1.88
10.56 8.44 2.74
0.0 0.0 0.0
10.56 10.56 0.12
10.56 10.56 0.6
10.56 10.56 1.28
10.56 10.56 2.08
10.56 10.56 3.08
0.0 0.0 0.0
10.56 12.67 0.06
10.56 12.67 0.38
10.56 12.67 0.86
10.56 12.67 1.46
10.56 12.67 2.24
0.0 0.0 0.0
0.0 0.0 0.0
10.56 14.78 0.22
10.56 14.78 0.64
10.56 14.78 1.18
10.56 14.78 1.9
0.0 0.0 0.0
0.0 0.0 0.0
10.56 16.89 0.14
10.56 16.89 0.54
10.56 16.89 1.18
10.56 16.89 2.1
0.0 0.0 0.0
0.0 0.0 0.0
0.0 0.0 0.0
10.56 19.0 0.22
10.56 19.0 0.62
10.56 19.0 1.24
0.0 0.0 0.0
0.0 0.0 0.0
12.67 2.11 0.16
12.67 2.11 0.48
12.67 2.11 0.92
12.67 2.11 1.54
0.0 0.0 0.0
0.0 0.0 0.0
12.67 4.22 0.24
12.67 4.22 0.66
12.67 4.22 1.2
12.67 4.22 1.9
0.0 0.0 0.0
12.67 6.33 0.02
12.67 6.33 0.28
12.67 6.33 0.68
12.67 6.33 1.14
12.67 6.33 1.7
0.0 0.0 0.0
12.67 8.44 0.06
12.67 8.44 0.4
12.67 8.44 0.86
12.67 8.44 1.42
12.67 8.44 2.04
0.0 0.0 0.0
12.67 10.56 0.06
12.67 10.56 0.38
12.67 10.56 0.88
12.67 10.56 1.5
12.67 10.56 2.24
0.0 0.0 0.0
12.67 12.67 0.02
12.67 12.67 0.24
12.67 12.67 0.6
12.67 12.67 1.04
12.67 12.67 1.6
0.0 0.0 0.0
0.0 0.0 0.0
12.67 14.78 0.1
12.67 14.78 0.38
12.67 14.78 0.76
12.67 14.78 1.22
0.0 0.0 0.0
0.0 0.0 0.0
0.0 0.0 0.0
12.67 16.89 0.24
12.67 16.89 0.64
12.67 16.89 1.16
0.0 0.0 0.0
0.0 0.0 0.0
0.0 0.0 0.0
12.67 19.0 0.04
12.67 19.0 0.28
12.67 19.0 0.6
0.0 0.0 0.0
0.0 0.0 0.0
14.78 4.22 0.02
14.78 4.22 0.22
14.78 4.22 0.5
14.78 4.22 0.84
0.0 0.0 0.0
0.0 0.0 0.0
14.78 6.33 0.08
14.78 6.33 0.34
14.78 6.33 0.66
14.78 6.33 1.06
0.0 0.0 0.0
0.0 0.0 0.0
14.78 8.44 0.16
14.78 8.44 0.52
14.78 8.44 1.0
14.78 8.44 1.56
0.0 0.0 0.0
0.0 0.0 0.0
14.78 10.56 0.18
14.78 10.56 0.56
14.78 10.56 1.1
14.78 10.56 1.8
0.0 0.0 0.0
0.0 0.0 0.0
14.78 12.67 0.08
14.78 12.67 0.36
14.78 12.67 0.74
14.78 12.67 1.24
0.0 0.0 0.0
0.0 0.0 0.0
0.0 0.0 0.0
0.0 0.0 0.0
14.78 19.0 0.02
14.78 19.0 0.14
0.0 0.0 0.0
0.0 0.0 0.0
0.0 0.0 0.0
0.0 0.0 0.0
16.89 4.22 0.12
16.89 4.22 0.34
0.0 0.0 0.0
0.0 0.0 0.0
0.0 0.0 0.0
16.89 6.33 0.1
16.89 6.33 0.38
16.89 6.33 0.74
0.0 0.0 0.0
0.0 0.0 0.0
16.89 8.44 0.02
16.89 8.44 0.28
16.89 8.44 0.8
16.89 8.44 1.46
0.0 0.0 0.0
0.0 0.0 0.0
16.89 10.56 0.02
16.89 10.56 0.36
16.89 10.56 1.04
16.89 10.56 1.9
0.0 0.0 0.0
0.0 0.0 0.0
0.0 0.0 0.0
16.89 12.67 0.18
16.89 12.67 0.6
16.89 12.67 1.26
0.0 0.0 0.0
0.0 0.0 0.0
0.0 0.0 0.0
0.0 0.0 0.0
0.0 0.0 0.0
0.0 0.0 0.0
0.0 0.0 0.0
0.0 0.0 0.0
0.0 0.0 0.0
0.0 0.0 0.0
0.0 0.0 0.0
0.0 0.0 0.0
0.0 0.0 0.0
0.0 0.0 0.0
0.0 0.0 0.0
0.0 0.0 0.0
0.0 0.0 0.0
19.0 4.22 0.06
0.0 0.0 0.0
0.0 0.0 0.0
0.0 0.0 0.0
0.0 0.0 0.0
19.0 6.33 0.12
19.0 6.33 0.34
0.0 0.0 0.0
0.0 0.0 0.0
0.0 0.0 0.0
19.0 8.44 0.06
19.0 8.44 0.38
19.0 8.44 0.86
0.0 0.0 0.0
0.0 0.0 0.0
0.0 0.0 0.0
19.0 10.56 0.12
19.0 10.56 0.52
19.0 10.56 1.14
0.0 0.0 0.0
0.0 0.0 0.0
0.0 0.0 0.0
19.0 12.67 0.02
19.0 12.67 0.26
19.0 12.67 0.66
0.0 0.0 0.0
0.0 0.0 0.0
0.0 0.0 0.0
0.0 0.0 0.0
19.0 14.78 0.02
19.0 14.78 0.14
0.0 0.0 0.0
0.0 0.0 0.0
0.0 0.0 0.0
0.0 0.0 0.0
0.0 0.0 0.0
0.0 0.0 0.0
0.0 0.0 0.0
0.0 0.0 0.0
0.0 0.0 0.0
0.0 0.0 0.0
0.0 0.0 0.0
0.0 0.0 0.0
0.0 0.0 0.0
0.0 0.0 0.0
0.0 0.0 0.0
2.11 4.22 0.06
2.11 4.22 0.2
2.11 4.22 0.36
0.0 0.0 0.0
0.0 0.0 0.0
2.11 6.33 0.1
2.11 6.33 0.38
2.11 6.33 0.68
2.11 6.33 1.14
0.0 0.0 0.0
0.0 0.0 0.0
2.11 8.44 0.3
2.11 8.44 0.78
2.11 8.44 1.34
2.11 8.44 2.06
0.0 0.0 0.0
2.11 10.56 0.02
2.11 10.56 0.32
2.11 10.56 0.8
2.11 10.56 1.44
2.11 10.56 2.28
0.0 0.0 0.0
0.0 0.0 0.0
2.11 12.67 0.1
2.11 12.67 0.36
2.11 12.67 0.74
2.11 12.67 1.26
0.0 0.0 0.0
0.0 0.0 0.0
0.0 0.0 0.0
0.0 0.0 0.0
0.0 0.0 0.0
0.0 0.0 0.0
0.0 0.0 0.0
0.0 0.0 0.0
0.0 0.0 0.0
4.22 2.11 0.04
4.22 2.11 0.16
4.22 2.11 0.34
0.0 0.0 0.0
0.0 0.0 0.0
4.22 4.22 0.02
4.22 4.22 0.18
4.22 4.22 0.4
4.22 4.22 0.72
0.0 0.0 0.0
0.0 0.0 0.0
4.22 6.33 0.2
4.22 6.33 0.54
4.22 6.33 0.9
4.22 6.33 1.42
0.0 0.0 0.0
4.22 8.44 0.06
4.22 8.44 0.42
4.22 8.44 0.96
4.22 8.44 1.56
4.22 8.44 2.32
0.0 0.0 0.0
4.22 10.56 0.06
4.22 10.56 0.4
4.22 10.56 0.96
4.22 10.56 1.62
4.22 10.56 2.56
0.0 0.0 0.0
0.0 0.0 0.0
4.22 12.67 0.14
4.22 12.67 0.46
4.22 12.67 0.86
4.22 12.67 1.38
0.0 0.0 0.0
0.0 0.0 0.0
0.0 0.0 0.0
4.22 14.78 0.14
4.22 14.78 0.32
4.22 14.78 0.56
0.0 0.0 0.0
0.0 0.0 0.0
0.0 0.0 0.0
0.0 0.0 0.0
4.22 16.89 0.14
4.22 16.89 0.3
0.0 0.0 0.0
0.0 0.0 0.0
0.0 0.0 0.0
0.0 0.0 0.0
4.22 19.0 0.02
4.22 19.0 0.08
0.0 0.0 0.0
0.0 0.0 0.0
6.33 2.11 0.08
6.33 2.11 0.26
6.33 2.11 0.52
6.33 2.11 0.92
0.0 0.0 0.0
0.0 0.0 0.0
6.33 4.22 0.16
6.33 4.22 0.44
6.33 4.22 0.8
6.33 4.22 1.3
0.0 0.0 0.0
6.33 6.33 0.04
6.33 6.33 0.3
6.33 6.33 0.62
6.33 6.33 1.0
6.33 6.33 1.46
0.0 0.0 0.0
6.33 8.44 0.1
6.33 8.44 0.44
6.33 8.44 0.86
6.33 8.44 1.4
6.33 8.44 2.06
0.0 0.0 0.0
6.33 10.56 0.08
6.33 10.56 0.4
6.33 10.56 0.86
6.33 10.56 1.42
6.33 10.56 2.18
0.0 0.0 0.0
6.33 12.67 0.02
6.33 12.67 0.24
6.33 12.67 0.54
6.33 12.67 0.9
6.33 12.67 1.34
0.0 0.0 0.0
0.0 0.0 0.0
6.33 14.78 0.1
6.33 14.78 0.34
6.33 14.78 0.64
6.33 14.78 1.0
0.0 0.0 0.0
0.0 0.0 0.0
6.33 16.89 0.02
6.33 16.89 0.2
6.33 16.89 0.5
6.33 16.89 0.92
0.0 0.0 0.0
0.0 0.0 0.0
0.0 0.0 0.0
6.33 19.0 0.04
6.33 19.0 0.18
6.33 19.0 0.42
0.0 0.0 0.0
8.44 2.11 0.02
8.44 2.11 0.24
8.44 2.11 0.62
8.44 2.11 1.18
8.44 2.11 1.86
0.0 0.0 0.0
8.44 4.22 0.06
8.44 4.22 0.4
8.44 4.22 0.86
8.44 4.22 1.48
8.44 4.22 2.26
0.0 0.0 0.0
8.44 6.33 0.1
8.44 6.33 0.44
8.44 6.33 0.86
8.44 6.33 1.38
8.44 6.33 2.06
0.0 0.0 0.0
8.44 8.44 0.14
8.44 8.44 0.56
8.44 8.44 1.08
8.44 8.44 1.7
8.44 8.44 2.5
0.0 0.0 0.0
8.44 10.56 0.1
8.44 10.56 0.54
8.44 10.56 1.14
8.44 10.56 1.84
8.44 10.56 2.76
0.0 0.0 0.0
8.44 12.67 0.06
8.44 12.67 0.36
8.44 12.67 0.78
8.44 12.67 1.32
8.44 12.67 1.94
0.0 0.0 0.0
0.0 0.0 0.0
8.44 14.78 0.22
8.44 14.78 0.58
8.44 14.78 1.06
8.44 14.78 1.72
0.0 0.0 0.0
0.0 0.0 0.0
8.44 16.89 0.14
8.44 16.89 0.5
8.44 16.89 1.04
8.44 16.89 1.88
0.0 0.0 0.0
0.0 0.0 0.0
0.0 0.0 0.0
8.44 19.0 0.2
8.44 19.0 0.54
8.44 19.0 1.06
0.0 0.0 0.0
10.56 2.11 0.04
10.56 2.11 0.34
10.56 2.11 0.82
10.56 2.11 1.5
10.56 2.11 2.28
0.0 0.0 0.0
10.56 4.22 0.06
10.56 4.22 0.48
10.56 4.22 1.06
10.56 4.22 1.82
10.56 4.22 2.72
0.0 0.0 0.0
10.56 6.33 0.12
10.56 6.33 0.5
10.56 6.33 0.98
10.56 6.33 1.58
10.56 6.33 2.38
0.0 0.0 0.0
10.56 8.44 0.12
10.56 8.44 0.58
10.56 8.44 1.2
10.56 8.44 1.88
10.56 8.44 2.74
0.0 0.0 0.0
10.56 10.56 0.12
10.56 10.56 0.58
10.56 10.56 1.28
10.56 10.56 2.08
10.56 10.56 3.08
0.0 0.0 0.0
10.56 12.67 0.06
10.56 12.67 0.38
10.56 12.67 0.86
10.56 12.67 1.46
10.56 12.67 2.24
0.0 0.0 0.0
0.0 0.0 0.0
10.56 14.78 0.22
10.56 14.78 0.62
10.56 14.78 1.18
10.56 14.78 1.9
0.0 0.0 0.0
0.0 0.0 0.0
10.56 16.89 0.14
10.56 16.89 0.54
10.56 16.89 1.18
10.56 16.89 2.1
0.0 0.0 0.0
0.0 0.0 0.0
0.0 0.0 0.0
10.56 19.0 0.22
10.56 19.0 0.62
10.56 19.0 1.24
0.0 0.0 0.0
0.0 0.0 0.0
12.67 2.11 0.16
12.67 2.11 0.48
12.67 2.11 0.94
12.67 2.11 1.54
0.0 0.0 0.0
0.0 0.0 0.0
12.67 4.22 0.26
12.67 4.22 0.66
12.67 4.22 1.2
12.67 4.22 1.9
0.0 0.0 0.0
12.67 6.33 0.04
12.67 6.33 0.3
12.67 6.33 0.68
12.67 6.33 1.14
12.67 6.33 1.7
0.0 0.0 0.0
12.67 8.44 0.08
12.67 8.44 0.42
12.67 8.44 0.86
12.67 8.44 1.42
12.67 8.44 2.04
0.0 0.0 0.0
12.67 10.56 0.06
12.67 10.56 0.4
12.67 10.56 0.88
12.67 10.56 1.5
12.67 10.56 2.24
0.0 0.0 0.0
12.67 12.67 2.0
12.67 12.67 0.24
12.67 12.67 0.6
12.67 12.67 1.04
12.67 12.67 1.6
0.0 0.0 0.0
0.0 0.0 0.0
12.67 14.78 0.1
12.67 14.78 0.38
12.67 14.78 0.76
12.67 14.78 1.24
0.0 0.0 0.0
0.0 0.0 0.0
12.67 16.89 0.02
12.67 16.89 0.26
12.67 16.89 0.64
12.67 16.89 1.16
0.0 0.0 0.0
0.0 0.0 0.0
0.0 0.0 0.0
12.67 19.0 0.06
12.67 19.0 0.28
12.67 19.0 0.6
0.0 0.0 0.0
0.0 0.0 0.0
14.78 4.22 0.02
14.78 4.22 0.22
14.78 4.22 0.5
14.78 4.22 0.84
0.0 0.0 0.0
0.0 0.0 0.0
14.78 6.33 0.08
14.78 6.33 0.34
14.78 6.33 0.66
14.78 6.33 1.06
0.0 0.0 0.0
0.0 0.0 0.0
14.78 8.44 0.16
14.78 8.44 0.52
14.78 8.44 1.0
14.78 8.44 1.56
0.0 0.0 0.0
0.0 0.0 0.0
14.78 10.56 0.18
14.78 10.56 0.56
14.78 10.56 1.12
14.78 10.56 1.8
0.0 0.0 0.0
0.0 0.0 0.0
14.78 12.67 0.08
14.78 12.67 0.36
14.78 12.67 0.74
14.78 12.67 1.24
0.0 0.0 0.0
0.0 0.0 0.0
0.0 0.0 0.0
0.0 0.0 0.0
14.78 19.0 0.02
14.78 19.0 0.14
0.0 0.0 0.0
0.0 0.0 0.0
0.0 0.0 0.0
0.0 0.0 0.0
16.89 4.22 0.12
16.89 4.22 0.34
0.0 0.0 0.0
0.0 0.0 0.0
0.0 0.0 0.0
16.89 6.33 0.1
16.89 6.33 0.36
16.89 6.33 0.72
0.0 0.0 0.0
0.0 0.0 0.0
0.0 0.0 0.0
16.89 8.44 0.28
16.89 8.44 0.8
16.89 8.44 1.46
0.0 0.0 0.0
0.0 0.0 0.0
16.89 10.56 0.02
16.89 10.56 0.36
16.89 10.56 1.02
16.89 10.56 1.9
0.0 0.0 0.0
0.0 0.0 0.0
0.0 0.0 0.0
16.89 12.67 0.16
16.89 12.67 0.6
16.89 12.67 1.24
0.0 0.0 0.0
0.0 0.0 0.0
0.0 0.0 0.0
0.0 0.0 0.0
0.0 0.0 0.0
0.0 0.0 0.0
0.0 0.0 0.0
0.0 0.0 0.0
0.0 0.0 0.0
0.0 0.0 0.0
0.0 0.0 0.0
0.0 0.0 0.0
0.0 0.0 0.0
0.0 0.0 0.0
0.0 0.0 0.0
0.0 0.0 0.0
0.0 0.0 0.0
19.0 4.22 0.06
0.0 0.0 0.0
0.0 0.0 0.0
0.0 0.0 0.0
0.0 0.0 0.0
19.0 6.33 0.12
19.0 6.33 0.34
0.0 0.0 0.0
0.0 0.0 0.0
0.0 0.0 0.0
19.0 8.44 0.06
19.0 8.44 0.38
19.0 8.44 0.86
0.0 0.0 0.0
0.0 0.0 0.0
0.0 0.0 0.0
19.0 10.56 0.12
19.0 10.56 0.52
19.0 10.56 1.14
0.0 0.0 0.0
0.0 0.0 0.0
0.0 0.0 0.0
19.0 12.67 0.02
19.0 12.67 0.26
19.0 12.67 0.66
0.0 0.0 0.0
0.0 0.0 0.0
0.0 0.0 0.0
0.0 0.0 0.0
19.0 14.78 0.02
19.0 14.78 0.14
0.0 0.0 0.0
0.0 0.0 0.0
0.0 0.0 0.0
0.0 0.0 0.0
0.0 0.0 0.0
0.0 0.0 0.0
0.0 0.0 0.0
0.0 0.0 0.0
0.0 0.0 0.0
0.0 0.0 0.0
0.0 0.0 0.0
0.0 0.0 0.0
0.0 0.0 0.0
0.0 0.0 0.0
0.0 0.0 0.0
2.11 4.22 0.08
2.11 4.22 0.2
2.11 4.22 0.36
0.0 0.0 0.0
0.0 0.0 0.0
2.11 6.33 0.1
2.11 6.33 0.38
2.11 6.33 0.68
2.11 6.33 1.14
0.0 0.0 0.0
0.0 0.0 0.0
2.11 8.44 0.3
2.11 8.44 0.76
2.11 8.44 1.34
2.11 8.44 2.06
0.0 0.0 0.0
2.11 10.56 0.02
2.11 10.56 0.3
2.11 10.56 0.8
2.11 10.56 1.44
2.11 10.56 2.26
0.0 0.0 0.0
0.0 0.0 0.0
2.11 12.67 0.1
2.11 12.67 0.36
2.11 12.67 0.74
2.11 12.67 1.28
0.0 0.0 0.0
0.0 0.0 0.0
0.0 0.0 0.0
0.0 0.0 0.0
0.0 0.0 0.0
0.0 0.0 0.0
0.0 0.0 0.0
0.0 0.0 0.0
0.0 0.0 0.0
4.22 2.11 0.04
4.22 2.11 0.16
4.22 2.11 0.34
0.0 0.0 0.0
0.0 0.0 0.0
4.22 4.22 0.02
4.22 4.22 0.18
4.22 4.22 0.4
4.22 4.22 0.7
0.0 0.0 0.0
0.0 0.0 0.0
4.22 6.33 0.18
4.22 6.33 0.52
4.22 6.33 0.88
4.22 6.33 1.4
0.0 0.0 0.0
4.22 8.44 0.06
4.22 8.44 0.42
4.22 8.44 0.94
4.22 8.44 1.56
4.22 8.44 2.3
0.0 0.0 0.0
4.22 10.56 0.04
4.22 10.56 0.4
4.22 10.56 0.94
4.22 10.56 1.62
4.22 10.56 2.56
0.0 0.0 0.0
0.0 0.0 0.0
4.22 12.67 0.14
4.22 12.67 0.46
4.22 12.67 0.86
4.22 12.67 1.36
0.0 0.0 0.0
0.0 0.0 0.0
0.0 0.0 0.0
4.22 14.78 0.14
4.22 14.78 0.3
4.22 14.78 0.54
0.0 0.0 0.0
0.0 0.0 0.0
0.0 0.0 0.0
0.0 0.0 0.0
4.22 16.89 0.12
4.22 16.89 0.28
0.0 0.0 0.0
0.0 0.0 0.0
0.0 0.0 0.0
0.0 0.0 0.0
4.22 19.0 2.0
4.22 19.0 0.08
0.0 0.0 0.0
0.0 0.0 0.0
6.33 2.11 0.08
6.33 2.11 0.26
6.33 2.11 0.54
6.33 2.11 0.92
0.0 0.0 0.0
0.0 0.0 0.0
6.33 4.22 0.16
6.33 4.22 0.44
6.33 4.22 0.8
6.33 4.22 1.3
0.0 0.0 0.0
6.33 6.33 0.04
6.33 6.33 0.3
6.33 6.33 0.64
6.33 6.33 1.0
6.33 6.33 1.46
0.0 0.0 0.0
6.33 8.44 0.1
6.33 8.44 0.44
6.33 8.44 0.88
6.33 8.44 1.4
6.33 8.44 2.04
0.0 0.0 0.0
6.33 10.56 0.08
6.33 10.56 0.4
6.33 10.56 0.86
6.33 10.56 1.42
6.33 10.56 2.18
0.0 0.0 0.0
6.33 12.67 0.02
6.33 12.67 0.24
6.33 12.67 0.54
6.33 12.67 0.9
6.33 12.67 1.34
0.0 0.0 0.0
0.0 0.0 0.0
6.33 14.78 0.1
6.33 14.78 0.34
6.33 14.78 0.64
6.33 14.78 1.0
0.0 0.0 0.0
0.0 0.0 0.0
6.33 16.89 0.02
6.33 16.89 0.2
6.33 16.89 0.5
6.33 16.89 0.92
0.0 0.0 0.0
0.0 0.0 0.0
0.0 0.0 0.0
6.33 19.0 0.04
6.33 19.0 0.18
6.33 19.0 0.42
0.0 0.0 0.0
8.44 2.11 0.02
8.44 2.11 0.24
8.44 2.11 0.62
8.44 2.11 1.16
8.44 2.11 1.86
0.0 0.0 0.0
8.44 4.22 0.06
8.44 4.22 0.38
8.44 4.22 0.84
8.44 4.22 1.48
8.44 4.22 2.26
0.0 0.0 0.0
8.44 6.33 0.1
8.44 6.33 0.42
8.44 6.33 0.86
8.44 6.33 1.36
8.44 6.33 2.04
0.0 0.0 0.0
8.44 8.44 0.12
8.44 8.44 0.54
8.44 8.44 1.08
8.44 8.44 1.7
8.44 8.44 2.48
0.0 0.0 0.0
8.44 10.56 0.1
8.44 10.56 0.54
8.44 10.56 1.14
8.44 10.56 1.84
8.44 10.56 2.78
0.0 0.0 0.0
8.44 12.67 0.06
8.44 12.67 0.34
8.44 12.67 0.78
8.44 12.67 1.32
8.44 12.67 1.96
0.0 0.0 0.0
0.0 0.0 0.0
8.44 14.78 0.22
8.44 14.78 0.58
8.44 14.78 1.06
8.44 14.78 1.72
0.0 0.0 0.0
0.0 0.0 0.0
8.44 16.89 0.12
8.44 16.89 0.5
8.44 16.89 1.04
8.44 16.89 1.86
0.0 0.0 0.0
0.0 0.0 0.0
0.0 0.0 0.0
8.44 19.0 0.2
8.44 19.0 0.54
8.44 19.0 1.06
0.0 0.0 0.0
10.56 2.11 0.02
10.56 2.11 0.34
10.56 2.11 0.8
10.56 2.11 1.48
10.56 2.11 2.26
0.0 0.0 0.0
10.56 4.22 0.06
10.56 4.22 0.46
10.56 4.22 1.06
10.56 4.22 1.8
10.56 4.22 2.7
0.0 0.0 0.0
10.56 6.33 2.0
10.56 6.33 0.48
10.56 6.33 0.96
10.56 6.33 1.58
10.56 6.33 2.36
0.0 0.0 0.0
10.56 8.44 0.12
10.56 8.44 0.58
10.56 8.44 1.18
10.56 8.44 1.88
10.56 8.44 2.74
0.0 0.0 0.0
10.56 10.56 0.12
10.56 10.56 0.58
10.56 10.56 1.28
10.56 10.56 2.06
10.56 10.56 3.06
0.0 0.0 0.0
10.56 12.67 0.06
10.56 12.67 0.38
10.56 12.67 0.86
10.56 12.67 1.48
10.56 12.67 2.24
0.0 0.0 0.0
0.0 0.0 0.0
10.56 14.78 0.22
10.56 14.78 0.62
10.56 14.78 1.18
10.56 14.78 1.88
0.0 0.0 0.0
0.0 0.0 0.0
10.56 16.89 0.12
10.56 16.89 0.54
10.56 16.89 1.18
10.56 16.89 2.08
0.0 0.0 0.0
0.0 0.0 0.0
0.0 0.0 0.0
10.56 19.0 0.22
10.56 19.0 0.62
10.56 19.0 1.24
0.0 0.0 0.0
0.0 0.0 0.0
12.67 2.11 0.16
12.67 2.11 0.48
12.67 2.11 0.92
12.67 2.11 1.54
0.0 0.0 0.0
0.0 0.0 0.0
12.67 4.22 0.26
12.67 4.22 0.66
12.67 4.22 1.2
12.67 4.22 1.9
0.0 0.0 0.0
12.67 6.33 0.04
12.67 6.33 0.3
12.67 6.33 0.68
12.67 6.33 1.14
12.67 6.33 1.7
0.0 0.0 0.0
12.67 8.44 0.06
12.67 8.44 0.4
12.67 8.44 0.86
12.67 8.44 1.4
12.67 8.44 2.02
0.0 0.0 0.0
12.67 10.56 0.06
12.67 10.56 0.38
12.67 10.56 0.88
12.67 10.56 1.5
12.67 10.56 2.22
0.0 0.0 0.0
12.67 12.67 0.02
12.67 12.67 0.24
12.67 12.67 0.6
12.67 12.67 1.04
12.67 12.67 1.6
0.0 0.0 0.0
0.0 0.0 0.0
12.67 14.78 0.1
12.67 14.78 0.38
12.67 14.78 0.76
12.67 14.78 1.22
0.0 0.0 0.0
0.0 0.0 0.0
12.67 16.89 0.02
12.67 16.89 0.26
12.67 16.89 0.64
12.67 16.89 1.16
0.0 0.0 0.0
0.0 0.0 0.0
0.0 0.0 0.0
12.67 19.0 0.04
12.67 19.0 0.28
12.67 19.0 0.6
0.0 0.0 0.0
0.0 0.0 0.0
14.78 4.22 0.02
14.78 4.22 0.22
14.78 4.22 0.48
14.78 4.22 0.82
0.0 0.0 0.0
0.0 0.0 0.0
14.78 6.33 0.08
14.78 6.33 0.34
14.78 6.33 0.68
14.78 6.33 1.06
0.0 0.0 0.0
0.0 0.0 0.0
14.78 8.44 0.16
14.78 8.44 0.52
14.78 8.44 1.0
14.78 8.44 1.54
0.0 0.0 0.0
0.0 0.0 0.0
14.78 10.56 0.18
14.78 10.56 0.56
14.78 10.56 1.1
14.78 10.56 1.8
0.0 0.0 0.0
0.0 0.0 0.0
14.78 12.67 0.08
14.78 12.67 0.36
14.78 12.67 0.74
14.78 12.67 1.24
0.0 0.0 0.0
0.0 0.0 0.0
0.0 0.0 0.0
0.0 0.0 0.0
14.78 19.0 0.02
14.78 19.0 0.14
0.0 0.0 0.0
0.0 0.0 0.0
0.0 0.0 0.0
0.0 0.0 0.0
16.89 4.22 0.12
16.89 4.22 0.32
0.0 0.0 0.0
0.0 0.0 0.0
0.0 0.0 0.0
16.89 6.33 0.1
16.89 6.33 0.38
16.89 6.33 0.74
0.0 0.0 0.0
0.0 0.0 0.0
0.0 0.0 0.0
16.89 8.44 0.28
16.89 8.44 0.8
16.89 8.44 1.46
0.0 0.0 0.0
0.0 0.0 0.0
16.89 10.56 0.02
16.89 10.56 0.38
16.89 10.56 1.04
16.89 10.56 1.9
0.0 0.0 0.0
0.0 0.0 0.0
0.0 0.0 0.0
16.89 12.67 0.18
16.89 12.67 0.62
16.89 12.67 1.24
0.0 0.0 0.0
0.0 0.0 0.0
0.0 0.0 0.0
0.0 0.0 0.0
0.0 0.0 0.0
0.0 0.0 0.0
0.0 0.0 0.0
0.0 0.0 0.0
0.0 0.0 0.0
0.0 0.0 0.0
0.0 0.0 0.0
0.0 0.0 0.0
0.0 0.0 0.0
0.0 0.0 0.0
0.0 0.0 0.0
0.0 0.0 0.0
0.0 0.0 0.0
19.0 4.22 0.06
0.0 0.0 0.0
0.0 0.0 0.0
0.0 0.0 0.0
0.0 0.0 0.0
19.0 6.33 0.12
19.0 6.33 0.34
0.0 0.0 0.0
0.0 0.0 0.0
0.0 0.0 0.0
19.0 8.44 0.06
19.0 8.44 0.38
19.0 8.44 0.86
0.0 0.0 0.0
0.0 0.0 0.0
0.0 0.0 0.0
19.0 10.56 0.12
19.0 10.56 0.52
19.0 10.56 1.14
0.0 0.0 0.0
0.0 0.0 0.0
0.0 0.0 0.0
19.0 12.67 0.04
19.0 12.67 0.26
19.0 12.67 0.66
0.0 0.0 0.0
0.0 0.0 0.0
0.0 0.0 0.0
0.0 0.0 0.0
19.0 14.78 0.04
19.0 14.78 0.16
0.0 0.0 0.0
0.0 0.0 0.0
0.0 0.0 0.0
0.0 0.0 0.0
0.0 0.0 0.0
0.0 0.0 0.0
0.0 0.0 0.0
0.0 0.0 0.0
0.0 0.0 0.0
0.0 0.0 0.0
0.0 0.0 0.0
0.0 0.0 0.0
0.0 0.0 0.0
0.0 0.0 0.0
0.0 0.0 0.0
2.11 4.22 0.08
2.11 4.22 0.2
2.11 4.22 0.36
0.0 0.0 0.0
0.0 0.0 0.0
2.11 6.33 0.1
2.11 6.33 0.38
2.11 6.33 0.68
2.11 6.33 1.14
0.0 0.0 0.0
2.11 8.44 0.02
2.11 8.44 0.3
2.11 8.44 0.78
2.11 8.44 1.34
2.11 8.44 2.04
0.0 0.0 0.0
2.11 10.56 0.02
2.11 10.56 0.32
2.11 10.56 0.8
2.11 10.56 1.42
2.11 10.56 2.26
0.0 0.0 0.0
0.0 0.0 0.0
2.11 12.67 0.1
2.11 12.67 0.36
2.11 12.67 0.74
2.11 12.67 1.28
0.0 0.0 0.0
0.0 0.0 0.0
0.0 0.0 0.0
0.0 0.0 0.0
0.0 0.0 0.0
0.0 0.0 0.0
0.0 0.0 0.0
0.0 0.0 0.0
0.0 0.0 0.0
4.22 2.11 0.04
4.22 2.11 0.16
4.22 2.11 0.34
0.0 0.0 0.0
0.0 0.0 0.0
4.22 4.22 0.02
4.22 4.22 0.18
4.22 4.22 0.4
4.22 4.22 0.7
0.0 0.0 0.0
0.0 0.0 0.0
4.22 6.33 0.2
4.22 6.33 0.52
4.22 6.33 0.9
4.22 6.33 1.4
0.0 0.0 0.0
4.22 8.44 0.06
4.22 8.44 0.4
4.22 8.44 0.94
4.22 8.44 1.54
4.22 8.44 2.3
0.0 0.0 0.0
4.22 10.56 0.04
4.22 10.56 0.4
4.22 10.56 0.94
4.22 10.56 1.62
4.22 10.56 2.56
0.0 0.0 0.0
0.0 0.0 0.0
4.22 12.67 0.14
4.22 12.67 0.44
4.22 12.67 0.86
4.22 12.67 1.36
0.0 0.0 0.0
0.0 0.0 0.0
0.0 0.0 0.0
4.22 14.78 0.14
4.22 14.78 0.3
4.22 14.78 0.56
0.0 0.0 0.0
0.0 0.0 0.0
0.0 0.0 0.0
4.22 16.89 0.02
4.22 16.89 0.12
4.22 16.89 0.28
0.0 0.0 0.0
0.0 0.0 0.0
0.0 0.0 0.0
0.0 0.0 0.0
4.22 19.0 0.04
4.22 19.0 0.08
0.0 0.0 0.0
0.0 0.0 0.0
6.33 2.11 0.08
6.33 2.11 0.26
6.33 2.11 0.54
6.33 2.11 0.92
0.0 0.0 0.0
0.0 0.0 0.0
6.33 4.22 0.16
6.33 4.22 0.44
6.33 4.22 0.8
6.33 4.22 1.3
0.0 0.0 0.0
6.33 6.33 0.04
6.33 6.33 0.3
6.33 6.33 0.62
6.33 6.33 1.0
6.33 6.33 1.46
0.0 0.0 0.0
6.33 8.44 0.1
6.33 8.44 0.44
6.33 8.44 0.86
6.33 8.44 1.4
6.33 8.44 2.04
0.0 0.0 0.0
6.33 10.56 0.1
6.33 10.56 0.4
6.33 10.56 0.86
6.33 10.56 1.42
6.33 10.56 2.18
0.0 0.0 0.0
6.33 12.67 0.04
6.33 12.67 0.24
6.33 12.67 0.54
6.33 12.67 0.9
6.33 12.67 1.34
0.0 0.0 0.0
0.0 0.0 0.0
6.33 14.78 0.12
6.33 14.78 0.34
6.33 14.78 0.62
6.33 14.78 1.0
0.0 0.0 0.0
0.0 0.0 0.0
6.33 16.89 0.02
6.33 16.89 0.2
6.33 16.89 0.5
6.33 16.89 0.9
0.0 0.0 0.0
0.0 0.0 0.0
0.0 0.0 0.0
6.33 19.0 0.04
6.33 19.0 0.18
6.33 19.0 0.42
0.0 0.0 0.0
8.44 2.11 0.02
8.44 2.11 0.26
8.44 2.11 0.62
8.44 2.11 1.16
8.44 2.11 1.84
0.0 0.0 0.0
8.44 4.22 0.06
8.44 4.22 0.38
8.44 4.22 0.84
8.44 4.22 1.48
8.44 4.22 2.24
0.0 0.0 0.0
8.44 6.33 0.1
8.44 6.33 0.44
8.44 6.33 0.86
8.44 6.33 1.36
8.44 6.33 2.04
0.0 0.0 0.0
8.44 8.44 0.12
8.44 8.44 0.54
8.44 8.44 1.08
8.44 8.44 1.7
8.44 8.44 2.5
0.0 0.0 0.0
8.44 10.56 0.1
8.44 10.56 0.54
8.44 10.56 1.14
8.44 10.56 1.84
8.44 10.56 2.76
0.0 0.0 0.0
8.44 12.67 0.06
8.44 12.67 0.36
8.44 12.67 0.78
8.44 12.67 1.3
8.44 12.67 1.96
0.0 0.0 0.0
0.0 0.0 0.0
8.44 14.78 0.22
8.44 14.78 0.58
8.44 14.78 1.06
8.44 14.78 1.72
0.0 0.0 0.0
0.0 0.0 0.0
8.44 16.89 0.12
8.44 16.89 0.5
8.44 16.89 1.04
8.44 16.89 1.88
0.0 0.0 0.0
0.0 0.0 0.0
0.0 0.0 0.0
8.44 19.0 0.2
8.44 19.0 0.54
8.44 19.0 1.06
0.0 0.0 0.0
10.56 2.11 0.04
10.56 2.11 0.34
10.56 2.11 0.8
10.56 2.11 1.48
10.56 2.11 2.26
0.0 0.0 0.0
10.56 4.22 0.06
10.56 4.22 0.48
10.56 4.22 1.06
10.56 4.22 1.8
10.56 4.22 2.7
0.0 0.0 0.0
10.56 6.33 0.12
10.56 6.33 0.48
10.56 6.33 0.96
10.56 6.33 1.58
10.56 6.33 2.34
0.0 0.0 0.0
10.56 8.44 0.12
10.56 8.44 0.58
10.56 8.44 1.18
10.56 8.44 1.86
10.56 8.44 2.74
0.0 0.0 0.0
10.56 10.56 0.12
10.56 10.56 0.6
10.56 10.56 1.28
10.56 10.56 2.06
10.56 10.56 3.08
0.0 0.0 0.0
10.56 12.67 0.06
10.56 12.67 0.38
10.56 12.67 0.86
10.56 12.67 1.46
10.56 12.67 2.22
0.0 0.0 0.0
0.0 0.0 0.0
10.56 14.78 0.22
10.56 14.78 0.62
10.56 14.78 1.18
10.56 14.78 1.88
0.0 0.0 0.0
0.0 0.0 0.0
10.56 16.89 0.14
10.56 16.89 0.54
10.56 16.89 1.18
10.56 16.89 2.08
0.0 0.0 0.0
0.0 0.0 0.0
0.0 0.0 0.0
10.56 19.0 0.22
10.56 19.0 0.62
10.56 19.0 1.22
0.0 0.0 0.0
0.0 0.0 0.0
12.67 2.11 0.14
12.67 2.11 0.48
12.67 2.11 0.92
12.67 2.11 1.52
0.0 0.0 0.0
0.0 0.0 0.0
12.67 4.22 0.24
12.67 4.22 0.66
12.67 4.22 1.2
12.67 4.22 1.9
0.0 0.0 0.0
12.67 6.33 0.02
12.67 6.33 0.3
12.67 6.33 0.68
12.67 6.33 1.14
12.67 6.33 1.7
0.0 0.0 0.0
12.67 8.44 0.06
12.67 8.44 0.4
12.67 8.44 0.86
12.67 8.44 1.42
12.67 8.44 2.02
0.0 0.0 0.0
12.67 10.56 0.06
12.67 10.56 0.38
12.67 10.56 0.88
12.67 10.56 1.5
12.67 10.56 2.22
0.0 0.0 0.0
12.67 12.67 0.02
12.67 12.67 0.24
12.67 12.67 0.6
12.67 12.67 1.04
12.67 12.67 1.6
0.0 0.0 0.0
0.0 0.0 0.0
12.67 14.78 0.1
12.67 14.78 0.38
12.67 14.78 0.76
12.67 14.78 1.22
0.0 0.0 0.0
0.0 0.0 0.0
12.67 16.89 0.02
12.67 16.89 0.26
12.67 16.89 0.64
12.67 16.89 1.16
0.0 0.0 0.0
0.0 0.0 0.0
0.0 0.0 0.0
12.67 19.0 0.06
12.67 19.0 0.28
12.67 19.0 0.6
0.0 0.0 0.0
0.0 0.0 0.0
14.78 4.22 0.02
14.78 4.22 0.22
14.78 4.22 0.5
14.78 4.22 0.84
0.0 0.0 0.0
0.0 0.0 0.0
14.78 6.33 0.08
14.78 6.33 0.34
14.78 6.33 0.68
14.78 6.33 1.06
0.0 0.0 0.0
0.0 0.0 0.0
14.78 8.44 0.16
14.78 8.44 0.52
14.78 8.44 0.98
14.78 8.44 1.54
0.0 0.0 0.0
0.0 0.0 0.0
14.78 10.56 0.18
14.78 10.56 0.56
14.78 10.56 1.1
14.78 10.56 1.8
0.0 0.0 0.0
0.0 0.0 0.0
14.78 12.67 0.08
14.78 12.67 0.36
14.78 12.67 0.76
14.78 12.67 1.24
0.0 0.0 0.0
0.0 0.0 0.0
0.0 0.0 0.0
0.0 0.0 0.0
14.78 19.0 0.02
14.78 19.0 0.14
0.0 0.0 0.0
0.0 0.0 0.0
0.0 0.0 0.0
0.0 0.0 0.0
16.89 4.22 0.12
16.89 4.22 0.34
0.0 0.0 0.0
0.0 0.0 0.0
0.0 0.0 0.0
16.89 6.33 0.1
16.89 6.33 0.38
16.89 6.33 0.72
0.0 0.0 0.0
0.0 0.0 0.0
16.89 8.44 0.02
16.89 8.44 0.28
16.89 8.44 0.82
16.89 8.44 1.46
0.0 0.0 0.0
0.0 0.0 0.0
16.89 10.56 0.02
16.89 10.56 0.36
16.89 10.56 1.02
16.89 10.56 1.9
0.0 0.0 0.0
0.0 0.0 0.0
0.0 0.0 0.0
16.89 12.67 0.18
16.89 12.67 0.6
16.89 12.67 1.24
0.0 0.0 0.0
0.0 0.0 0.0
0.0 0.0 0.0
0.0 0.0 0.0
0.0 0.0 0.0
0.0 0.0 0.0
0.0 0.0 0.0
0.0 0.0 0.0
0.0 0.0 0.0
0.0 0.0 0.0
0.0 0.0 0.0
0.0 0.0 0.0
0.0 0.0 0.0
0.0 0.0 0.0
0.0 0.0 0.0
0.0 0.0 0.0
0.0 0.0 0.0
19.0 4.22 0.06
0.0 0.0 0.0
0.0 0.0 0.0
0.0 0.0 0.0
0.0 0.0 0.0
19.0 6.33 0.12
19.0 6.33 0.34
0.0 0.0 0.0
0.0 0.0 0.0
0.0 0.0 0.0
19.0 8.44 0.06
19.0 8.44 0.38
19.0 8.44 0.86
0.0 0.0 0.0
0.0 0.0 0.0
0.0 0.0 0.0
19.0 10.56 0.12
19.0 10.56 0.52
19.0 10.56 1.14
0.0 0.0 0.0
0.0 0.0 0.0
0.0 0.0 0.0
19.0 12.67 0.02
19.0 12.67 0.26
19.0 12.67 0.66
0.0 0.0 0.0
0.0 0.0 0.0
0.0 0.0 0.0
0.0 0.0 0.0
19.0 14.78 0.02
19.0 14.78 0.14
0.0 0.0 0.0
0.0 0.0 0.0
0.0 0.0 0.0
0.0 0.0 0.0
0.0 0.0 0.0
0.0 0.0 0.0
0.0 0.0 0.0
0.0 0.0 0.0
0.0 0.0 0.0
0.0 0.0 0.0
0.0 0.0 0.0
0.0 0.0 0.0
0.0 0.0 0.0
0.0 0.0 0.0
0.0 0.0 0.0
2.11 4.22 0.06
2.11 4.22 0.2
2.11 4.22 0.36
0.0 0.0 0.0
0.0 0.0 0.0
2.11 6.33 0.1
2.11 6.33 0.38
2.11 6.33 0.66
2.11 6.33 1.14
0.0 0.0 0.0
2.11 8.44 0.02
2.11 8.44 0.3
2.11 8.44 0.76
2.11 8.44 1.32
2.11 8.44 2.04
0.0 0.0 0.0
0.0 0.0 0.0
2.11 10.56 0.3
2.11 10.56 0.8
2.11 10.56 1.42
2.11 10.56 2.26
0.0 0.0 0.0
0.0 0.0 0.0
2.11 12.67 0.1
2.11 12.67 0.34
2.11 12.67 0.74
2.11 12.67 1.26
0.0 0.0 0.0
0.0 0.0 0.0
0.0 0.0 0.0
0.0 0.0 0.0
0.0 0.0 0.0
0.0 0.0 0.0
0.0 0.0 0.0
0.0 0.0 0.0
0.0 0.0 0.0
4.22 2.11 0.04
4.22 2.11 0.16
4.22 2.11 0.32
0.0 0.0 0.0
0.0 0.0 0.0
4.22 4.22 0.02
4.22 4.22 0.18
4.22 4.22 0.38
4.22 4.22 0.7
0.0 0.0 0.0
0.0 0.0 0.0
4.22 6.33 0.2
4.22 6.33 0.52
4.22 6.33 0.88
4.22 6.33 1.4
0.0 0.0 0.0
4.22 8.44 0.06
4.22 8.44 0.42
4.22 8.44 0.94
4.22 8.44 1.54
4.22 8.44 2.3
0.0 0.0 0.0
4.22 10.56 0.04
4.22 10.56 0.38
4.22 10.56 0.94
4.22 10.56 1.62
4.22 10.56 2.54
0.0 0.0 0.0
0.0 0.0 0.0
4.22 12.67 0.14
4.22 12.67 0.44
4.22 12.67 0.86
4.22 12.67 1.36
0.0 0.0 0.0
0.0 0.0 0.0
0.0 0.0 0.0
4.22 14.78 0.14
4.22 14.78 0.3
4.22 14.78 0.56
0.0 0.0 0.0
0.0 0.0 0.0
0.0 0.0 0.0
0.0 0.0 0.0
4.22 16.89 0.12
4.22 16.89 0.28
0.0 0.0 0.0
0.0 0.0 0.0
0.0 0.0 0.0
0.0 0.0 0.0
4.22 19.0 0.02
4.22 19.0 0.08
0.0 0.0 0.0
0.0 0.0 0.0
6.33 2.11 0.08
6.33 2.11 0.26
6.33 2.11 0.52
6.33 2.11 0.92
0.0 0.0 0.0
0.0 0.0 0.0
6.33 4.22 0.16
6.33 4.22 0.44
6.33 4.22 0.8
6.33 4.22 1.3
0.0 0.0 0.0
6.33 6.33 0.04
6.33 6.33 0.3
6.33 6.33 0.62
6.33 6.33 1.0
6.33 6.33 1.44
0.0 0.0 0.0
6.33 8.44 0.1
6.33 8.44 0.44
6.33 8.44 0.86
6.33 8.44 1.4
6.33 8.44 2.04
0.0 0.0 0.0
6.33 10.56 0.08
6.33 10.56 0.4
6.33 10.56 0.84
6.33 10.56 1.42
6.33 10.56 2.18
0.0 0.0 0.0
6.33 12.67 0.02
6.33 12.67 0.24
6.33 12.67 0.54
6.33 12.67 0.9
6.33 12.67 1.34
0.0 0.0 0.0
0.0 0.0 0.0
6.33 14.78 0.1
6.33 14.78 0.34
6.33 14.78 0.62
6.33 14.78 1.0
0.0 0.0 0.0
0.0 0.0 0.0
6.33 16.89 0.02
6.33 16.89 0.2
6.33 16.89 0.48
6.33 16.89 0.9
0.0 0.0 0.0
0.0 0.0 0.0
0.0 0.0 0.0
6.33 19.0 0.04
6.33 19.0 0.18
6.33 19.0 0.42
0.0 0.0 0.0
8.44 2.11 0.02
8.44 2.11 0.24
8.44 2.11 0.62
8.44 2.11 1.16
8.44 2.11 1.84
0.0 0.0 0.0
8.44 4.22 0.06
8.44 4.22 0.38
8.44 4.22 0.84
8.44 4.22 1.48
8.44 4.22 2.24
0.0 0.0 0.0
8.44 6.33 0.1
8.44 6.33 0.44
8.44 6.33 0.86
8.44 6.33 1.36
8.44 6.33 2.04
0.0 0.0 0.0
8.44 8.44 0.12
8.44 8.44 0.54
8.44 8.44 1.08
8.44 8.44 1.7
8.44 8.44 2.48
0.0 0.0 0.0
8.44 10.56 0.1
8.44 10.56 0.54
8.44 10.56 1.14
8.44 10.56 1.84
8.44 10.56 2.76
0.0 0.0 0.0
8.44 12.67 0.06
8.44 12.67 0.34
8.44 12.67 0.78
8.44 12.67 1.3
8.44 12.67 1.94
0.0 0.0 0.0
0.0 0.0 0.0
8.44 14.78 0.22
8.44 14.78 0.58
8.44 14.78 1.06
8.44 14.78 1.72
0.0 0.0 0.0
0.0 0.0 0.0
8.44 16.89 0.12
8.44 16.89 0.5
8.44 16.89 1.04
8.44 16.89 1.86
0.0 0.0 0.0
0.0 0.0 0.0
0.0 0.0 0.0
8.44 19.0 0.18
8.44 19.0 0.54
8.44 19.0 1.04
0.0 0.0 0.0
10.56 2.11 0.02
10.56 2.11 0.34
10.56 2.11 0.8
10.56 2.11 1.48
10.56 2.11 2.24
0.0 0.0 0.0
10.56 4.22 0.06
10.56 4.22 0.46
10.56 4.22 1.04
10.56 4.22 1.8
10.56 4.22 2.68
0.0 0.0 0.0
10.56 6.33 0.12
10.56 6.33 0.48
10.56 6.33 0.96
10.56 6.33 1.58
10.56 6.33 2.36
0.0 0.0 0.0
10.56 8.44 0.12
10.56 8.44 0.58
10.56 8.44 1.18
10.56 8.44 1.86
10.56 8.44 2.72
0.0 0.0 0.0
10.56 10.56 0.1
10.56 10.56 0.58
10.56 10.56 1.28
10.56 10.56 2.06
10.56 10.56 3.06
0.0 0.0 0.0
10.56 12.67 0.06
10.56 12.67 0.36
10.56 12.67 0.86
10.56 12.67 1.46
10.56 12.67 2.22
0.0 0.0 0.0
0.0 0.0 0.0
10.56 14.78 0.22
10.56 14.78 0.62
10.56 14.78 1.18
10.56 14.78 1.88
0.0 0.0 0.0
0.0 0.0 0.0
10.56 16.89 0.12
10.56 16.89 0.54
10.56 16.89 1.18
10.56 16.89 2.08
0.0 0.0 0.0
0.0 0.0 0.0
0.0 0.0 0.0
10.56 19.0 0.22
10.56 19.0 0.62
10.56 19.0 1.22
0.0 0.0 0.0
0.0 0.0 0.0
12.67 2.11 0.16
12.67 2.11 0.48
12.67 2.11 0.92
12.67 2.11 1.52
0.0 0.0 0.0
0.0 0.0 0.0
12.67 4.22 0.26
12.67 4.22 0.66
12.67 4.22 1.2
12.67 4.22 1.88
0.0 0.0 0.0
12.67 6.33 0.02
12.67 6.33 0.3
12.67 6.33 0.68
12.67 6.33 1.14
12.67 6.33 1.68
0.0 0.0 0.0
12.67 8.44 0.06
12.67 8.44 0.4
12.67 8.44 0.88
12.67 8.44 1.4
12.67 8.44 2.02
0.0 0.0 0.0
12.67 10.56 0.06
12.67 10.56 0.38
12.67 10.56 0.86
12.67 10.56 1.48
12.67 10.56 2.22
0.0 0.0 0.0
12.67 12.67 0.02
12.67 12.67 0.24
12.67 12.67 0.6
12.67 12.67 1.04
12.67 12.67 1.6
0.0 0.0 0.0
0.0 0.0 0.0
12.67 14.78 0.1
12.67 14.78 0.38
12.67 14.78 0.76
12.67 14.78 1.22
0.0 0.0 0.0
0.0 0.0 0.0
0.0 0.0 0.0
12.67 16.89 0.24
12.67 16.89 0.64
12.67 16.89 1.16
0.0 0.0 0.0
0.0 0.0 0.0
0.0 0.0 0.0
12.67 19.0 0.06
12.67 19.0 0.28
12.67 19.0 0.6
0.0 0.0 0.0
0.0 0.0 0.0
14.78 4.22 0.02
14.78 4.22 0.22
14.78 4.22 0.48
14.78 4.22 0.82
0.0 0.0 0.0
0.0 0.0 0.0
14.78 6.33 0.08
14.78 6.33 0.34
14.78 6.33 0.66
14.78 6.33 1.06
0.0 0.0 0.0
0.0 0.0 0.0
14.78 8.44 0.16
14.78 8.44 0.52
14.78 8.44 0.98
14.78 8.44 1.54
0.0 0.0 0.0
0.0 0.0 0.0
14.78 10.56 0.18
14.78 10.56 0.56
14.78 10.56 1.1
14.78 10.56 1.78
0.0 0.0 0.0
0.0 0.0 0.0
14.78 12.67 0.08
14.78 12.67 0.36
14.78 12.67 0.74
14.78 12.67 1.24
0.0 0.0 0.0
0.0 0.0 0.0
0.0 0.0 0.0
0.0 0.0 0.0
14.78 19.0 0.02
14.78 19.0 0.14
0.0 0.0 0.0
0.0 0.0 0.0
0.0 0.0 0.0
0.0 0.0 0.0
16.89 4.22 0.12
16.89 4.22 0.32
0.0 0.0 0.0
0.0 0.0 0.0
0.0 0.0 0.0
16.89 6.33 0.1
16.89 6.33 0.38
16.89 6.33 0.72
0.0 0.0 0.0
0.0 0.0 0.0
0.0 0.0 0.0
16.89 8.44 0.28
16.89 8.44 0.82
16.89 8.44 1.46
0.0 0.0 0.0
0.0 0.0 0.0
16.89 10.56 0.02
16.89 10.56 0.38
16.89 10.56 1.04
16.89 10.56 1.9
0.0 0.0 0.0
0.0 0.0 0.0
0.0 0.0 0.0
16.89 12.67 0.18
16.89 12.67 0.6
16.89 12.67 1.24
0.0 0.0 0.0
0.0 0.0 0.0
0.0 0.0 0.0
0.0 0.0 0.0
0.0 0.0 0.0
0.0 0.0 0.0
0.0 0.0 0.0
0.0 0.0 0.0
0.0 0.0 0.0
0.0 0.0 0.0
0.0 0.0 0.0
0.0 0.0 0.0
0.0 0.0 0.0
0.0 0.0 0.0
0.0 0.0 0.0
0.0 0.0 0.0
0.0 0.0 0.0
19.0 4.22 0.06
0.0 0.0 0.0
0.0 0.0 0.0
0.0 0.0 0.0
0.0 0.0 0.0
19.0 6.33 0.12
19.0 6.33 0.34
0.0 0.0 0.0
0.0 0.0 0.0
0.0 0.0 0.0
19.0 8.44 0.06
19.0 8.44 0.38
19.0 8.44 0.86
0.0 0.0 0.0
0.0 0.0 0.0
0.0 0.0 0.0
19.0 10.56 0.12
19.0 10.56 0.52
19.0 10.56 1.14
0.0 0.0 0.0
0.0 0.0 0.0
0.0 0.0 0.0
19.0 12.67 0.04
19.0 12.67 0.26
19.0 12.67 0.66
0.0 0.0 0.0
0.0 0.0 0.0
0.0 0.0 0.0
0.0 0.0 0.0
19.0 14.78 0.02
19.0 14.78 0.14
0.0 0.0 0.0
0.0 0.0 0.0
0.0 0.0 0.0
0.0 0.0 0.0
0.0 0.0 0.0
0.0 0.0 0.0
0.0 0.0 0.0
0.0 0.0 0.0
0.0 0.0 0.0
0.0 0.0 0.0
0.0 0.0 0.0
0.0 0.0 0.0
0.0 0.0 0.0
0.0 0.0 0.0
0.0 0.0 0.0
2.11 4.22 0.06
2.11 4.22 0.2
2.11 4.22 0.36
0.0 0.0 0.0
0.0 0.0 0.0
2.11 6.33 0.1
2.11 6.33 0.38
2.11 6.33 0.66
2.11 6.33 1.14
0.0 0.0 0.0
0.0 0.0 0.0
2.11 8.44 0.3
2.11 8.44 0.76
2.11 8.44 1.34
2.11 8.44 2.04
0.0 0.0 0.0
0.0 0.0 0.0
2.11 10.56 0.3
2.11 10.56 0.8
2.11 10.56 1.42
2.11 10.56 2.26
0.0 0.0 0.0
0.0 0.0 0.0
2.11 12.67 0.1
2.11 12.67 0.34
2.11 12.67 0.74
2.11 12.67 1.26
0.0 0.0 0.0
0.0 0.0 0.0
0.0 0.0 0.0
0.0 0.0 0.0
0.0 0.0 0.0
0.0 0.0 0.0
0.0 0.0 0.0
0.0 0.0 0.0
0.0 0.0 0.0
4.22 2.11 0.04
4.22 2.11 0.16
4.22 2.11 0.34
0.0 0.0 0.0
0.0 0.0 0.0
4.22 4.22 0.02
4.22 4.22 0.18
4.22 4.22 0.38
4.22 4.22 0.68
0.0 0.0 0.0
0.0 0.0 0.0
4.22 6.33 0.18
4.22 6.33 0.52
4.22 6.33 0.88
4.22 6.33 1.4
0.0 0.0 0.0
4.22 8.44 0.06
4.22 8.44 0.42
4.22 8.44 0.94
4.22 8.44 1.54
4.22 8.44 2.3
0.0 0.0 0.0
4.22 10.56 0.04
4.22 10.56 0.4
4.22 10.56 0.94
4.22 10.56 1.62
4.22 10.56 2.54
0.0 0.0 0.0
0.0 0.0 0.0
4.22 12.67 0.14
4.22 12.67 0.44
4.22 12.67 0.84
4.22 12.67 1.36
0.0 0.0 0.0
0.0 0.0 0.0
0.0 0.0 0.0
4.22 14.78 0.12
4.22 14.78 0.3
4.22 14.78 0.54
0.0 0.0 0.0
0.0 0.0 0.0
0.0 0.0 0.0
0.0 0.0 0.0
4.22 16.89 0.12
4.22 16.89 0.28
0.0 0.0 0.0
0.0 0.0 0.0
0.0 0.0 0.0
0.0 0.0 0.0
4.22 19.0 0.02
4.22 19.0 0.08
0.0 0.0 0.0
0.0 0.0 0.0
6.33 2.11 0.08
6.33 2.11 0.26
6.33 2.11 0.52
6.33 2.11 0.9
0.0 0.0 0.0
0.0 0.0 0.0
6.33 4.22 0.16
6.33 4.22 0.44
6.33 4.22 0.8
6.33 4.22 1.28
0.0 0.0 0.0
6.33 6.33 0.04
6.33 6.33 0.3
6.33 6.33 0.62
6.33 6.33 1.0
6.33 6.33 1.44
0.0 0.0 0.0
6.33 8.44 0.1
6.33 8.44 0.42
6.33 8.44 0.86
6.33 8.44 1.4
6.33 8.44 2.04
0.0 0.0 0.0
6.33 10.56 0.08
6.33 10.56 0.4
6.33 10.56 0.84
6.33 10.56 1.42
6.33 10.56 2.16
0.0 0.0 0.0
6.33 12.67 0.04
6.33 12.67 0.24
6.33 12.67 0.54
6.33 12.67 0.9
6.33 12.67 1.34
0.0 0.0 0.0
0.0 0.0 0.0
6.33 14.78 0.1
6.33 14.78 0.34
6.33 14.78 0.62
6.33 14.78 1.0
0.0 0.0 0.0
0.0 0.0 0.0
6.33 16.89 0.02
6.33 16.89 0.2
6.33 16.89 0.48
6.33 16.89 0.9
0.0 0.0 0.0
0.0 0.0 0.0
0.0 0.0 0.0
6.33 19.0 0.04
6.33 19.0 0.18
6.33 19.0 0.42
0.0 0.0 0.0
8.44 2.11 0.02
8.44 2.11 0.24
8.44 2.11 0.62
8.44 2.11 1.14
8.44 2.11 1.82
0.0 0.0 0.0
8.44 4.22 0.06
8.44 4.22 0.38
8.44 4.22 0.84
8.44 4.22 1.46
8.44 4.22 2.24
0.0 0.0 0.0
8.44 6.33 0.1
8.44 6.33 0.44
8.44 6.33 0.86
8.44 6.33 1.36
8.44 6.33 2.02
0.0 0.0 0.0
8.44 8.44 0.12
8.44 8.44 0.54
8.44 8.44 1.06
8.44 8.44 1.7
8.44 8.44 2.48
0.0 0.0 0.0
8.44 10.56 0.1
8.44 10.56 0.54
8.44 10.56 1.14
8.44 10.56 1.82
8.44 10.56 2.76
0.0 0.0 0.0
8.44 12.67 0.06
8.44 12.67 0.34
8.44 12.67 0.76
8.44 12.67 1.3
8.44 12.67 1.94
0.0 0.0 0.0
0.0 0.0 0.0
8.44 14.78 0.22
8.44 14.78 0.58
8.44 14.78 1.06
8.44 14.78 1.72
0.0 0.0 0.0
0.0 0.0 0.0
8.44 16.89 0.12
8.44 16.89 0.48
8.44 16.89 1.04
8.44 16.89 1.86
0.0 0.0 0.0
0.0 0.0 0.0
0.0 0.0 0.0
8.44 19.0 0.18
8.44 19.0 0.54
8.44 19.0 1.04
0.0 0.0 0.0
10.56 2.11 0.02
10.56 2.11 0.32
10.56 2.11 0.8
10.56 2.11 1.46
10.56 2.11 2.24
0.0 0.0 0.0
10.56 4.22 0.06
10.56 4.22 0.46
10.56 4.22 1.04
10.56 4.22 1.8
10.56 4.22 2.68
0.0 0.0 0.0
10.56 6.33 0.12
10.56 6.33 0.48
10.56 6.33 0.96
10.56 6.33 1.56
10.56 6.33 2.36
0.0 0.0 0.0
10.56 8.44 0.12
10.56 8.44 0.58
10.56 8.44 1.18
10.56 8.44 1.86
10.56 8.44 2.72
0.0 0.0 0.0
10.56 10.56 0.12
10.56 10.56 0.58
10.56 10.56 1.28
10.56 10.56 2.06
10.56 10.56 3.06
0.0 0.0 0.0
10.56 12.67 0.04
10.56 12.67 0.38
10.56 12.67 0.86
10.56 12.67 1.46
10.56 12.67 2.22
0.0 0.0 0.0
0.0 0.0 0.0
10.56 14.78 0.22
10.56 14.78 0.62
10.56 14.78 1.16
10.56 14.78 1.88
0.0 0.0 0.0
0.0 0.0 0.0
10.56 16.89 0.12
10.56 16.89 0.54
10.56 16.89 1.16
10.56 16.89 2.08
0.0 0.0 0.0
0.0 0.0 0.0
0.0 0.0 0.0
10.56 19.0 0.2
10.56 19.0 0.6
10.56 19.0 1.22
0.0 0.0 0.0
0.0 0.0 0.0
12.67 2.11 0.16
12.67 2.11 0.46
12.67 2.11 0.92
12.67 2.11 1.52
0.0 0.0 0.0
0.0 0.0 0.0
12.67 4.22 0.24
12.67 4.22 0.64
12.67 4.22 1.18
12.67 4.22 1.86
0.0 0.0 0.0
12.67 6.33 0.02
12.67 6.33 0.3
12.67 6.33 0.68
12.67 6.33 1.14
12.67 6.33 1.68
0.0 0.0 0.0
12.67 8.44 0.06
12.67 8.44 0.38
12.67 8.44 0.86
12.67 8.44 1.4
12.67 8.44 2.02
0.0 0.0 0.0
12.67 10.56 0.06
12.67 10.56 0.38
12.67 10.56 0.88
12.67 10.56 1.48
12.67 10.56 2.2
0.0 0.0 0.0
0.0 0.0 0.0
12.67 12.67 0.24
12.67 12.67 0.58
12.67 12.67 1.04
12.67 12.67 1.6
0.0 0.0 0.0
0.0 0.0 0.0
12.67 14.78 0.08
12.67 14.78 0.38
12.67 14.78 0.74
12.67 14.78 1.2
0.0 0.0 0.0
0.0 0.0 0.0
0.0 0.0 0.0
12.67 16.89 0.24
12.67 16.89 0.64
12.67 16.89 1.14
0.0 0.0 0.0
0.0 0.0 0.0
0.0 0.0 0.0
12.67 19.0 0.04
12.67 19.0 0.28
12.67 19.0 0.58
0.0 0.0 0.0
0.0 0.0 0.0
14.78 4.22 0.02
14.78 4.22 0.22
14.78 4.22 0.48
14.78 4.22 0.82
0.0 0.0 0.0
0.0 0.0 0.0
14.78 6.33 0.08
14.78 6.33 0.32
14.78 6.33 0.66
14.78 6.33 1.04
0.0 0.0 0.0
0.0 0.0 0.0
14.78 8.44 0.16
14.78 8.44 0.52
14.78 8.44 0.98
14.78 8.44 1.54
0.0 0.0 0.0
0.0 0.0 0.0
14.78 10.56 0.18
14.78 10.56 0.54
14.78 10.56 1.08
14.78 10.56 1.78
0.0 0.0 0.0
0.0 0.0 0.0
14.78 12.67 0.08
14.78 12.67 0.34
14.78 12.67 0.74
14.78 12.67 1.24
0.0 0.0 0.0
0.0 0.0 0.0
0.0 0.0 0.0
0.0 0.0 0.0
14.78 19.0 0.02
14.78 19.0 0.14
0.0 0.0 0.0
0.0 0.0 0.0
0.0 0.0 0.0
0.0 0.0 0.0
16.89 4.22 0.12
16.89 4.22 0.32
0.0 0.0 0.0
0.0 0.0 0.0
0.0 0.0 0.0
16.89 6.33 0.08
16.89 6.33 0.36
16.89 6.33 0.72
0.0 0.0 0.0
0.0 0.0 0.0
0.0 0.0 0.0
16.89 8.44 0.26
16.89 8.44 0.8
16.89 8.44 1.44
0.0 0.0 0.0
0.0 0.0 0.0
16.89 10.56 0.02
16.89 10.56 0.36
16.89 10.56 1.02
16.89 10.56 1.88
0.0 0.0 0.0
0.0 0.0 0.0
0.0 0.0 0.0
16.89 12.67 0.18
16.89 12.67 0.6
16.89 12.67 1.24
0.0 0.0 0.0
0.0 0.0 0.0
0.0 0.0 0.0
0.0 0.0 0.0
0.0 0.0 0.0
0.0 0.0 0.0
0.0 0.0 0.0
0.0 0.0 0.0
0.0 0.0 0.0
0.0 0.0 0.0
0.0 0.0 0.0
0.0 0.0 0.0
0.0 0.0 0.0
0.0 0.0 0.0
0.0 0.0 0.0
0.0 0.0 0.0
0.0 0.0 0.0
19.0 4.22 0.06
0.0 0.0 0.0
0.0 0.0 0.0
0.0 0.0 0.0
0.0 0.0 0.0
19.0 6.33 0.12
19.0 6.33 0.34
0.0 0.0 0.0
0.0 0.0 0.0
0.0 0.0 0.0
19.0 8.44 0.06
19.0 8.44 0.38
19.0 8.44 0.86
0.0 0.0 0.0
0.0 0.0 0.0
0.0 0.0 0.0
19.0 10.56 0.12
19.0 10.56 2.0
19.0 10.56 1.14
0.0 0.0 0.0
0.0 0.0 0.0
0.0 0.0 0.0
19.0 12.67 0.02
19.0 12.67 0.26
19.0 12.67 0.66
0.0 0.0 0.0
0.0 0.0 0.0
0.0 0.0 0.0
0.0 0.0 0.0
19.0 14.78 0.02
19.0 14.78 0.16
0.0 0.0 0.0
0.0 0.0 0.0
0.0 0.0 0.0
0.0 0.0 0.0
0.0 0.0 0.0
0.0 0.0 0.0
0.0 0.0 0.0
0.0 0.0 0.0
0.0 0.0 0.0
0.0 0.0 0.0
0.0 0.0 0.0
0.0 0.0 0.0
0.0 0.0 0.0
0.0 0.0 0.0
0.0 0.0 0.0
2.11 4.22 0.06
2.11 4.22 0.2
2.11 4.22 0.36
0.0 0.0 0.0
0.0 0.0 0.0
2.11 6.33 0.1
2.11 6.33 0.36
2.11 6.33 0.66
2.11 6.33 1.14
0.0 0.0 0.0
2.11 8.44 0.02
2.11 8.44 0.3
2.11 8.44 0.76
2.11 8.44 1.32
2.11 8.44 2.04
0.0 0.0 0.0
2.11 10.56 0.02
2.11 10.56 0.3
2.11 10.56 0.8
2.11 10.56 1.42
2.11 10.56 2.26
0.0 0.0 0.0
0.0 0.0 0.0
2.11 12.67 0.1
2.11 12.67 0.36
2.11 12.67 0.74
2.11 12.67 1.26
0.0 0.0 0.0
0.0 0.0 0.0
0.0 0.0 0.0
0.0 0.0 0.0
0.0 0.0 0.0
0.0 0.0 0.0
0.0 0.0 0.0
0.0 0.0 0.0
0.0 0.0 0.0
4.22 2.11 0.04
4.22 2.11 0.16
4.22 2.11 0.34
0.0 0.0 0.0
0.0 0.0 0.0
4.22 4.22 0.02
4.22 4.22 0.18
4.22 4.22 0.4
4.22 4.22 0.68
0.0 0.0 0.0
0.0 0.0 0.0
4.22 6.33 0.2
4.22 6.33 0.52
4.22 6.33 0.88
4.22 6.33 1.4
0.0 0.0 0.0
4.22 8.44 0.06
4.22 8.44 0.42
4.22 8.44 0.94
4.22 8.44 1.52
4.22 8.44 2.3
0.0 0.0 0.0
4.22 10.56 0.04
4.22 10.56 0.38
4.22 10.56 0.94
4.22 10.56 1.62
4.22 10.56 2.54
0.0 0.0 0.0
0.0 0.0 0.0
4.22 12.67 0.14
4.22 12.67 0.44
4.22 12.67 0.84
4.22 12.67 1.36
0.0 0.0 0.0
0.0 0.0 0.0
0.0 0.0 0.0
4.22 14.78 0.12
4.22 14.78 0.3
4.22 14.78 0.54
0.0 0.0 0.0
0.0 0.0 0.0
0.0 0.0 0.0
0.0 0.0 0.0
4.22 16.89 0.12
4.22 16.89 0.28
0.0 0.0 0.0
0.0 0.0 0.0
0.0 0.0 0.0
0.0 0.0 0.0
4.22 19.0 0.02
4.22 19.0 0.08
0.0 0.0 0.0
0.0 0.0 0.0
6.33 2.11 0.06
6.33 2.11 0.26
6.33 2.11 0.52
6.33 2.11 0.9
0.0 0.0 0.0
0.0 0.0 0.0
6.33 4.22 0.16
6.33 4.22 0.42
6.33 4.22 0.78
6.33 4.22 1.28
0.0 0.0 0.0
6.33 6.33 0.04
6.33 6.33 0.28
6.33 6.33 0.62
6.33 6.33 0.98
6.33 6.33 1.44
0.0 0.0 0.0
6.33 8.44 0.08
6.33 8.44 0.44
6.33 8.44 0.86
6.33 8.44 1.38
6.33 8.44 2.02
0.0 0.0 0.0
6.33 10.56 0.08
6.33 10.56 0.38
6.33 10.56 0.84
6.33 10.56 1.42
6.33 10.56 2.16
0.0 0.0 0.0
6.33 12.67 0.02
6.33 12.67 0.24
6.33 12.67 0.54
6.33 12.67 0.9
6.33 12.67 1.34
0.0 0.0 0.0
0.0 0.0 0.0
6.33 14.78 0.12
6.33 14.78 0.34
6.33 14.78 0.62
6.33 14.78 0.98
0.0 0.0 0.0
0.0 0.0 0.0
6.33 16.89 0.02
6.33 16.89 0.2
6.33 16.89 0.48
6.33 16.89 0.9
0.0 0.0 0.0
0.0 0.0 0.0
0.0 0.0 0.0
6.33 19.0 0.04
6.33 19.0 0.18
6.33 19.0 0.42
0.0 0.0 0.0
8.44 2.11 0.02
8.44 2.11 0.24
8.44 2.11 0.62
8.44 2.11 1.14
8.44 2.11 1.82
0.0 0.0 0.0
8.44 4.22 0.06
8.44 4.22 0.38
8.44 4.22 0.84
8.44 4.22 1.46
8.44 4.22 2.24
0.0 0.0 0.0
8.44 6.33 0.1
8.44 6.33 0.42
8.44 6.33 0.86
8.44 6.33 1.36
8.44 6.33 2.02
0.0 0.0 0.0
8.44 8.44 0.12
8.44 8.44 0.54
8.44 8.44 1.06
8.44 8.44 1.68
8.44 8.44 2.48
0.0 0.0 0.0
8.44 10.56 0.1
8.44 10.56 0.52
8.44 10.56 1.12
8.44 10.56 1.82
8.44 10.56 2.74
0.0 0.0 0.0
8.44 12.67 0.06
8.44 12.67 0.34
8.44 12.67 0.76
8.44 12.67 1.3
8.44 12.67 1.94
0.0 0.0 0.0
0.0 0.0 0.0
8.44 14.78 0.22
8.44 14.78 0.58
8.44 14.78 1.06
8.44 14.78 1.72
0.0 0.0 0.0
0.0 0.0 0.0
8.44 16.89 0.12
8.44 16.89 0.48
8.44 16.89 1.04
8.44 16.89 1.86
0.0 0.0 0.0
0.0 0.0 0.0
0.0 0.0 0.0
8.44 19.0 0.18
8.44 19.0 0.54
8.44 19.0 1.04
0.0 0.0 0.0
10.56 2.11 2.0
10.56 2.11 0.32
10.56 2.11 0.8
10.56 2.11 1.46
10.56 2.11 2.24
0.0 0.0 0.0
10.56 4.22 0.06
10.56 4.22 0.46
10.56 4.22 1.04
10.56 4.22 1.78
10.56 4.22 2.68
0.0 0.0 0.0
10.56 6.33 0.1
10.56 6.33 0.48
10.56 6.33 0.96
10.56 6.33 1.56
10.56 6.33 2.34
0.0 0.0 0.0
10.56 8.44 0.12
10.56 8.44 0.56
10.56 8.44 1.18
10.56 8.44 1.86
10.56 8.44 2.7
0.0 0.0 0.0
10.56 10.56 0.1
10.56 10.56 0.56
10.56 10.56 1.26
10.56 10.56 2.06
10.56 10.56 3.04
0.0 0.0 0.0
10.56 12.67 0.06
10.56 12.67 0.36
10.56 12.67 0.86
10.56 12.67 1.46
10.56 12.67 2.2
0.0 0.0 0.0
0.0 0.0 0.0
10.56 14.78 0.22
10.56 14.78 0.62
10.56 14.78 1.16
10.56 14.78 1.86
0.0 0.0 0.0
0.0 0.0 0.0
10.56 16.89 0.12
10.56 16.89 0.54
10.56 16.89 1.16
10.56 16.89 2.06
0.0 0.0 0.0
0.0 0.0 0.0
0.0 0.0 0.0
10.56 19.0 0.2
10.56 19.0 0.62
10.56 19.0 1.22
0.0 0.0 0.0
0.0 0.0 0.0
12.67 2.11 0.14
12.67 2.11 0.46
12.67 2.11 0.9
12.67 2.11 1.52
0.0 0.0 0.0
0.0 0.0 0.0
12.67 4.22 0.24
12.67 4.22 0.64
12.67 4.22 1.18
12.67 4.22 1.88
0.0 0.0 0.0
12.67 6.33 0.02
12.67 6.33 0.3
12.67 6.33 0.68
12.67 6.33 1.12
12.67 6.33 1.66
0.0 0.0 0.0
12.67 8.44 0.06
12.67 8.44 0.38
12.67 8.44 0.86
12.67 8.44 1.4
12.67 8.44 2.02
0.0 0.0 0.0
12.67 10.56 0.06
12.67 10.56 0.38
12.67 10.56 0.86
12.67 10.56 1.48
12.67 10.56 2.2
0.0 0.0 0.0
12.67 12.67 0.02
12.67 12.67 0.24
12.67 12.67 0.6
12.67 12.67 1.04
12.67 12.67 1.6
0.0 0.0 0.0
0.0 0.0 0.0
12.67 14.78 0.08
12.67 14.78 0.38
12.67 14.78 0.74
12.67 14.78 1.2
0.0 0.0 0.0
0.0 0.0 0.0
0.0 0.0 0.0
12.67 16.89 0.24
12.67 16.89 0.64
12.67 16.89 1.14
0.0 0.0 0.0
0.0 0.0 0.0
0.0 0.0 0.0
12.67 19.0 0.06
12.67 19.0 0.28
12.67 19.0 0.6
0.0 0.0 0.0
0.0 0.0 0.0
14.78 4.22 0.02
14.78 4.22 0.22
14.78 4.22 0.5
14.78 4.22 0.82
0.0 0.0 0.0
0.0 0.0 0.0
14.78 6.33 0.08
14.78 6.33 0.32
14.78 6.33 0.66
14.78 6.33 1.04
0.0 0.0 0.0
0.0 0.0 0.0
14.78 8.44 0.16
14.78 8.44 0.5
14.78 8.44 0.98
14.78 8.44 1.54
0.0 0.0 0.0
0.0 0.0 0.0
14.78 10.56 0.18
14.78 10.56 0.54
14.78 10.56 1.08
14.78 10.56 1.78
0.0 0.0 0.0
0.0 0.0 0.0
14.78 12.67 0.08
14.78 12.67 0.36
14.78 12.67 0.74
14.78 12.67 1.24
0.0 0.0 0.0
0.0 0.0 0.0
0.0 0.0 0.0
0.0 0.0 0.0
14.78 19.0 0.02
14.78 19.0 0.14
0.0 0.0 0.0
0.0 0.0 0.0
0.0 0.0 0.0
0.0 0.0 0.0
16.89 4.22 0.1
16.89 4.22 0.32
0.0 0.0 0.0
0.0 0.0 0.0
0.0 0.0 0.0
16.89 6.33 0.08
16.89 6.33 0.36
16.89 6.33 0.7
0.0 0.0 0.0
0.0 0.0 0.0
0.0 0.0 0.0
16.89 8.44 0.28
16.89 8.44 0.78
16.89 8.44 1.44
0.0 0.0 0.0
0.0 0.0 0.0
16.89 10.56 0.02
16.89 10.56 0.36
16.89 10.56 1.0
16.89 10.56 1.86
0.0 0.0 0.0
0.0 0.0 0.0
0.0 0.0 0.0
16.89 12.67 0.16
16.89 12.67 0.58
16.89 12.67 1.22
0.0 0.0 0.0
0.0 0.0 0.0
0.0 0.0 0.0
0.0 0.0 0.0
0.0 0.0 0.0
0.0 0.0 0.0
0.0 0.0 0.0
0.0 0.0 0.0
0.0 0.0 0.0
0.0 0.0 0.0
0.0 0.0 0.0
0.0 0.0 0.0
0.0 0.0 0.0
0.0 0.0 0.0
0.0 0.0 0.0
0.0 0.0 0.0
0.0 0.0 0.0
19.0 4.22 0.06
0.0 0.0 0.0
0.0 0.0 0.0
0.0 0.0 0.0
0.0 0.0 0.0
19.0 6.33 0.1
19.0 6.33 0.34
0.0 0.0 0.0
0.0 0.0 0.0
0.0 0.0 0.0
19.0 8.44 0.06
19.0 8.44 0.38
19.0 8.44 0.84
0.0 0.0 0.0
0.0 0.0 0.0
0.0 0.0 0.0
19.0 10.56 0.12
19.0 10.56 0.52
19.0 10.56 1.12
0.0 0.0 0.0
0.0 0.0 0.0
0.0 0.0 0.0
19.0 12.67 0.02
19.0 12.67 0.26
19.0 12.67 0.66
0.0 0.0 0.0
0.0 0.0 0.0
0.0 0.0 0.0
0.0 0.0 0.0
19.0 14.78 0.02
19.0 14.78 0.14
0.0 0.0 0.0
0.0 0.0 0.0
0.0 0.0 0.0
0.0 0.0 0.0
0.0 0.0 0.0
0.0 0.0 0.0
0.0 0.0 0.0
0.0 0.0 0.0
0.0 0.0 0.0
0.0 0.0 0.0
0.0 0.0 0.0
0.0 0.0 0.0
0.0 0.0 0.0
0.0 0.0 0.0
0.0 0.0 0.0
2.11 4.22 0.06
2.11 4.22 0.2
2.11 4.22 0.36
0.0 0.0 0.0
0.0 0.0 0.0
2.11 6.33 0.1
2.11 6.33 0.36
2.11 6.33 0.66
2.11 6.33 1.12
0.0 0.0 0.0
0.0 0.0 0.0
2.11 8.44 0.28
2.11 8.44 0.76
2.11 8.44 1.32
2.11 8.44 2.02
0.0 0.0 0.0
0.0 0.0 0.0
2.11 10.56 0.3
2.11 10.56 0.78
2.11 10.56 1.42
2.11 10.56 2.24
0.0 0.0 0.0
0.0 0.0 0.0
2.11 12.67 0.1
2.11 12.67 0.36
2.11 12.67 0.74
2.11 12.67 1.26
0.0 0.0 0.0
0.0 0.0 0.0
0.0 0.0 0.0
0.0 0.0 0.0
0.0 0.0 0.0
0.0 0.0 0.0
0.0 0.0 0.0
0.0 0.0 0.0
0.0 0.0 0.0
4.22 2.11 0.04
4.22 2.11 0.16
4.22 2.11 0.34
0.0 0.0 0.0
0.0 0.0 0.0
4.22 4.22 0.02
4.22 4.22 0.18
4.22 4.22 0.38
4.22 4.22 0.68
0.0 0.0 0.0
0.0 0.0 0.0
4.22 6.33 0.18
4.22 6.33 0.52
4.22 6.33 0.88
4.22 6.33 1.38
0.0 0.0 0.0
4.22 8.44 0.06
4.22 8.44 0.4
4.22 8.44 0.94
4.22 8.44 1.52
4.22 8.44 2.28
0.0 0.0 0.0
4.22 10.56 0.04
4.22 10.56 0.38
4.22 10.56 0.94
4.22 10.56 1.6
4.22 10.56 2.52
0.0 0.0 0.0
0.0 0.0 0.0
4.22 12.67 0.14
4.22 12.67 0.44
4.22 12.67 0.84
4.22 12.67 1.34
0.0 0.0 0.0
0.0 0.0 0.0
0.0 0.0 0.0
4.22 14.78 0.14
4.22 14.78 0.3
4.22 14.78 0.54
0.0 0.0 0.0
0.0 0.0 0.0
0.0 0.0 0.0
0.0 0.0 0.0
4.22 16.89 0.12
4.22 16.89 0.28
0.0 0.0 0.0
0.0 0.0 0.0
0.0 0.0 0.0
0.0 0.0 0.0
4.22 19.0 0.02
4.22 19.0 0.08
0.0 0.0 0.0
0.0 0.0 0.0
6.33 2.11 0.06
6.33 2.11 0.26
6.33 2.11 0.52
6.33 2.11 0.88
0.0 0.0 0.0
0.0 0.0 0.0
6.33 4.22 0.16
6.33 4.22 0.42
6.33 4.22 0.78
6.33 4.22 1.26
0.0 0.0 0.0
6.33 6.33 0.04
6.33 6.33 0.28
6.33 6.33 0.62
6.33 6.33 0.98
6.33 6.33 1.42
0.0 0.0 0.0
6.33 8.44 0.08
6.33 8.44 0.42
6.33 8.44 0.86
6.33 8.44 1.38
6.33 8.44 2.02
0.0 0.0 0.0
6.33 10.56 0.08
6.33 10.56 0.4
6.33 10.56 0.84
6.33 10.56 1.42
6.33 10.56 2.16
0.0 0.0 0.0
6.33 12.67 0.02
6.33 12.67 0.24
6.33 12.67 0.54
6.33 12.67 0.88
6.33 12.67 1.32
0.0 0.0 0.0
0.0 0.0 0.0
6.33 14.78 0.1
6.33 14.78 0.32
6.33 14.78 0.62
6.33 14.78 0.98
0.0 0.0 0.0
0.0 0.0 0.0
0.0 0.0 0.0
6.33 16.89 0.2
6.33 16.89 0.48
6.33 16.89 0.9
0.0 0.0 0.0
0.0 0.0 0.0
0.0 0.0 0.0
6.33 19.0 0.04
6.33 19.0 0.18
6.33 19.0 0.4
0.0 0.0 0.0
8.44 2.11 0.02
8.44 2.11 0.24
8.44 2.11 0.62
8.44 2.11 1.14
8.44 2.11 1.82
0.0 0.0 0.0
8.44 4.22 0.04
8.44 4.22 0.38
8.44 4.22 0.84
8.44 4.22 1.46
8.44 4.22 2.22
0.0 0.0 0.0
8.44 6.33 0.08
8.44 6.33 0.42
8.44 6.33 0.84
8.44 6.33 1.34
8.44 6.33 2.02
0.0 0.0 0.0
8.44 8.44 0.1
8.44 8.44 0.52
8.44 8.44 1.06
8.44 8.44 1.66
8.44 8.44 2.46
0.0 0.0 0.0
8.44 10.56 0.1
8.44 10.56 0.52
8.44 10.56 1.12
8.44 10.56 1.8
8.44 10.56 2.74
0.0 0.0 0.0
8.44 12.67 0.04
8.44 12.67 0.32
8.44 12.67 0.76
8.44 12.67 1.28
8.44 12.67 1.92
0.0 0.0 0.0
0.0 0.0 0.0
8.44 14.78 0.2
8.44 14.78 0.56
8.44 14.78 1.04
8.44 14.78 1.7
0.0 0.0 0.0
0.0 0.0 0.0
8.44 16.89 0.12
8.44 16.89 0.48
8.44 16.89 1.02
8.44 16.89 1.84
0.0 0.0 0.0
0.0 0.0 0.0
0.0 0.0 0.0
8.44 19.0 0.18
8.44 19.0 0.54
8.44 19.0 1.04
0.0 0.0 0.0
10.56 2.11 0.02
10.56 2.11 0.32
10.56 2.11 0.8
10.56 2.11 1.46
10.56 2.11 2.22
0.0 0.0 0.0
10.56 4.22 0.06
10.56 4.22 0.46
10.56 4.22 1.02
10.56 4.22 1.76
10.56 4.22 2.66
0.0 0.0 0.0
10.56 6.33 0.1
10.56 6.33 0.46
10.56 6.33 0.94
10.56 6.33 1.56
10.56 6.33 2.34
0.0 0.0 0.0
10.56 8.44 0.12
10.56 8.44 0.56
10.56 8.44 1.16
10.56 8.44 1.84
10.56 8.44 2.68
0.0 0.0 0.0
10.56 10.56 0.1
10.56 10.56 0.56
10.56 10.56 1.26
10.56 10.56 2.04
10.56 10.56 3.04
0.0 0.0 0.0
10.56 12.67 0.06
10.56 12.67 0.36
10.56 12.67 0.84
10.56 12.67 1.44
10.56 12.67 2.22
0.0 0.0 0.0
0.0 0.0 0.0
10.56 14.78 0.2
10.56 14.78 0.62
10.56 14.78 1.16
10.56 14.78 1.86
0.0 0.0 0.0
0.0 0.0 0.0
10.56 16.89 0.12
10.56 16.89 0.52
10.56 16.89 1.14
10.56 16.89 2.06
0.0 0.0 0.0
0.0 0.0 0.0
0.0 0.0 0.0
10.56 19.0 0.2
10.56 19.0 0.6
10.56 19.0 1.22
0.0 0.0 0.0
0.0 0.0 0.0
12.67 2.11 0.16
12.67 2.11 0.48
12.67 2.11 0.9
12.67 2.11 1.52
0.0 0.0 0.0
0.0 0.0 0.0
12.67 4.22 0.24
12.67 4.22 0.66
12.67 4.22 1.18
12.67 4.22 1.86
0.0 0.0 0.0
12.67 6.33 0.02
12.67 6.33 0.28
12.67 6.33 0.66
12.67 6.33 1.12
12.67 6.33 1.68
0.0 0.0 0.0
12.67 8.44 0.06
12.67 8.44 0.4
12.67 8.44 0.86
12.67 8.44 1.38
12.67 8.44 2.0
0.0 0.0 0.0
12.67 10.56 0.06
12.67 10.56 0.38
12.67 10.56 0.86
12.67 10.56 1.48
12.67 10.56 2.2
0.0 0.0 0.0
12.67 12.67 0.02
12.67 12.67 0.24
12.67 12.67 0.58
12.67 12.67 1.04
12.67 12.67 1.58
0.0 0.0 0.0
0.0 0.0 0.0
12.67 14.78 0.1
12.67 14.78 0.38
12.67 14.78 0.74
12.67 14.78 1.2
0.0 0.0 0.0
0.0 0.0 0.0
12.67 16.89 0.02
12.67 16.89 0.24
12.67 16.89 0.62
12.67 16.89 1.14
0.0 0.0 0.0
0.0 0.0 0.0
0.0 0.0 0.0
12.67 19.0 0.06
12.67 19.0 0.28
12.67 19.0 0.58
0.0 0.0 0.0
0.0 0.0 0.0
14.78 4.22 0.02
14.78 4.22 0.22
14.78 4.22 0.48
14.78 4.22 0.82
0.0 0.0 0.0
0.0 0.0 0.0
14.78 6.33 0.08
14.78 6.33 0.34
14.78 6.33 0.66
14.78 6.33 1.04
0.0 0.0 0.0
0.0 0.0 0.0
14.78 8.44 0.16
14.78 8.44 0.5
14.78 8.44 0.96
14.78 8.44 1.54
0.0 0.0 0.0
0.0 0.0 0.0
14.78 10.56 0.18
14.78 10.56 0.54
14.78 10.56 1.08
14.78 10.56 1.78
0.0 0.0 0.0
0.0 0.0 0.0
14.78 12.67 0.08
14.78 12.67 0.34
14.78 12.67 0.72
14.78 12.67 1.22
0.0 0.0 0.0
0.0 0.0 0.0
0.0 0.0 0.0
0.0 0.0 0.0
14.78 19.0 0.02
14.78 19.0 0.14
0.0 0.0 0.0
0.0 0.0 0.0
0.0 0.0 0.0
0.0 0.0 0.0
16.89 4.22 0.1
16.89 4.22 0.32
0.0 0.0 0.0
0.0 0.0 0.0
0.0 0.0 0.0
16.89 6.33 0.08
16.89 6.33 0.36
16.89 6.33 0.72
0.0 0.0 0.0
0.0 0.0 0.0
0.0 0.0 0.0
16.89 8.44 0.26
16.89 8.44 0.78
16.89 8.44 1.44
0.0 0.0 0.0
0.0 0.0 0.0
16.89 10.56 0.02
16.89 10.56 0.34
16.89 10.56 1.0
16.89 10.56 1.86
0.0 0.0 0.0
0.0 0.0 0.0
0.0 0.0 0.0
16.89 12.67 0.16
16.89 12.67 0.58
16.89 12.67 1.22
0.0 0.0 0.0
0.0 0.0 0.0
0.0 0.0 0.0
0.0 0.0 0.0
0.0 0.0 0.0
0.0 0.0 0.0
0.0 0.0 0.0
0.0 0.0 0.0
0.0 0.0 0.0
0.0 0.0 0.0
0.0 0.0 0.0
0.0 0.0 0.0
0.0 0.0 0.0
0.0 0.0 0.0
0.0 0.0 0.0
0.0 0.0 0.0
0.0 0.0 0.0
19.0 4.22 0.06
0.0 0.0 0.0
0.0 0.0 0.0
0.0 0.0 0.0
0.0 0.0 0.0
19.0 6.33 0.1
19.0 6.33 0.34
0.0 0.0 0.0
0.0 0.0 0.0
0.0 0.0 0.0
19.0 8.44 0.06
19.0 8.44 0.38
19.0 8.44 0.84
0.0 0.0 0.0
0.0 0.0 0.0
0.0 0.0 0.0
19.0 10.56 0.1
19.0 10.56 0.5
19.0 10.56 1.12
0.0 0.0 0.0
0.0 0.0 0.0
0.0 0.0 0.0
19.0 12.67 0.02
19.0 12.67 0.26
19.0 12.67 0.66
0.0 0.0 0.0
0.0 0.0 0.0
0.0 0.0 0.0
0.0 0.0 0.0
19.0 14.78 0.02
19.0 14.78 0.14
0.0 0.0 0.0
0.0 0.0 0.0
0.0 0.0 0.0
0.0 0.0 0.0
0.0 0.0 0.0
0.0 0.0 0.0
0.0 0.0 0.0
0.0 0.0 0.0
0.0 0.0 0.0
0.0 0.0 0.0
0.0 0.0 0.0
0.0 0.0 0.0
0.0 0.0 0.0
0.0 0.0 0.0
0.0 0.0 0.0
2.11 4.22 0.08
2.11 4.22 0.18
2.11 4.22 0.36
0.0 0.0 0.0
0.0 0.0 0.0
2.11 6.33 0.1
2.11 6.33 0.36
2.11 6.33 0.66
2.11 6.33 1.12
0.0 0.0 0.0
0.0 0.0 0.0
2.11 8.44 0.28
2.11 8.44 0.76
2.11 8.44 1.32
2.11 8.44 2.02
0.0 0.0 0.0
2.11 10.56 0.02
2.11 10.56 0.3
2.11 10.56 0.8
2.11 10.56 1.4
2.11 10.56 2.24
0.0 0.0 0.0
0.0 0.0 0.0
2.11 12.67 0.08
2.11 12.67 0.34
2.11 12.67 0.74
2.11 12.67 1.26
0.0 0.0 0.0
0.0 0.0 0.0
0.0 0.0 0.0
0.0 0.0 0.0
0.0 0.0 0.0
0.0 0.0 0.0
0.0 0.0 0.0
0.0 0.0 0.0
0.0 0.0 0.0
4.22 2.11 0.04
4.22 2.11 0.16
4.22 2.11 0.32
0.0 0.0 0.0
0.0 0.0 0.0
4.22 4.22 0.02
4.22 4.22 0.18
4.22 4.22 0.38
4.22 4.22 0.68
0.0 0.0 0.0
0.0 0.0 0.0
4.22 6.33 0.2
4.22 6.33 0.52
4.22 6.33 0.86
4.22 6.33 1.38
0.0 0.0 0.0
4.22 8.44 0.06
4.22 8.44 0.4
4.22 8.44 0.92
4.22 8.44 1.54
4.22 8.44 2.28
0.0 0.0 0.0
4.22 10.56 0.04
4.22 10.56 0.38
4.22 10.56 0.92
4.22 10.56 1.6
4.22 10.56 2.5
0.0 0.0 0.0
0.0 0.0 0.0
4.22 12.67 0.14
4.22 12.67 0.44
4.22 12.67 0.84
4.22 12.67 1.36
0.0 0.0 0.0
0.0 0.0 0.0
0.0 0.0 0.0
4.22 14.78 0.14
4.22 14.78 0.3
4.22 14.78 0.54
0.0 0.0 0.0
0.0 0.0 0.0
0.0 0.0 0.0
0.0 0.0 0.0
4.22 16.89 0.12
4.22 16.89 0.28
0.0 0.0 0.0
0.0 0.0 0.0
0.0 0.0 0.0
0.0 0.0 0.0
4.22 19.0 0.02
4.22 19.0 0.08
0.0 0.0 0.0
0.0 0.0 0.0
6.33 2.11 0.08
6.33 2.11 0.26
6.33 2.11 0.52
6.33 2.11 0.88
0.0 0.0 0.0
0.0 0.0 0.0
6.33 4.22 0.16
6.33 4.22 0.42
6.33 4.22 0.78
6.33 4.22 1.26
0.0 0.0 0.0
6.33 6.33 0.04
6.33 6.33 0.28
6.33 6.33 0.62
6.33 6.33 0.98
6.33 6.33 1.42
0.0 0.0 0.0
6.33 8.44 0.08
6.33 8.44 0.44
6.33 8.44 0.86
6.33 8.44 1.38
6.33 8.44 2.02
0.0 0.0 0.0
6.33 10.56 0.08
6.33 10.56 0.38
6.33 10.56 0.84
6.33 10.56 1.4
6.33 10.56 2.16
0.0 0.0 0.0
6.33 12.67 0.04
6.33 12.67 0.22
6.33 12.67 0.54
6.33 12.67 0.88
6.33 12.67 1.32
0.0 0.0 0.0
0.0 0.0 0.0
6.33 14.78 0.1
6.33 14.78 0.34
6.33 14.78 0.62
6.33 14.78 0.98
0.0 0.0 0.0
0.0 0.0 0.0
6.33 16.89 0.02
6.33 16.89 0.2
6.33 16.89 0.48
6.33 16.89 90.0
0.0 0.0 0.0
0.0 0.0 0.0
0.0 0.0 0.0
6.33 19.0 0.04
6.33 19.0 0.18
6.33 19.0 0.4
0.0 0.0 0.0
8.44 2.11 0.02
8.44 2.11 0.24
8.44 2.11 0.62
8.44 2.11 1.14
8.44 2.11 1.82
0.0 0.0 0.0
8.44 4.22 0.06
8.44 4.22 0.38
8.44 4.22 0.84
8.44 4.22 1.46
8.44 4.22 2.22
0.0 0.0 0.0
8.44 6.33 0.1
8.44 6.33 0.42
8.44 6.33 0.84
8.44 6.33 1.34
8.44 6.33 2.02
0.0 0.0 0.0
8.44 8.44 0.12
8.44 8.44 0.52
8.44 8.44 1.06
8.44 8.44 1.68
8.44 8.44 2.46
0.0 0.0 0.0
8.44 10.56 0.1
8.44 10.56 0.5
8.44 10.56 1.12
8.44 10.56 1.8
8.44 10.56 2.72
0.0 0.0 0.0
8.44 12.67 0.04
8.44 12.67 0.34
8.44 12.67 0.76
8.44 12.67 1.28
8.44 12.67 1.92
0.0 0.0 0.0
0.0 0.0 0.0
8.44 14.78 0.2
8.44 14.78 0.56
8.44 14.78 1.04
8.44 14.78 1.7
0.0 0.0 0.0
0.0 0.0 0.0
8.44 16.89 0.12
8.44 16.89 0.48
8.44 16.89 1.02
8.44 16.89 1.84
0.0 0.0 0.0
0.0 0.0 0.0
0.0 0.0 0.0
8.44 19.0 0.18
8.44 19.0 0.52
8.44 19.0 1.04
0.0 0.0 0.0
10.56 2.11 0.02
10.56 2.11 0.3
10.56 2.11 0.8
10.56 2.11 1.46
10.56 2.11 2.22
0.0 0.0 0.0
10.56 4.22 0.06
10.56 4.22 0.46
10.56 4.22 1.02
10.56 4.22 1.76
10.56 4.22 2.66
0.0 0.0 0.0
10.56 6.33 0.1
10.56 6.33 0.46
10.56 6.33 0.94
10.56 6.33 1.54
10.56 6.33 2.32
0.0 0.0 0.0
10.56 8.44 0.1
10.56 8.44 0.56
10.56 8.44 1.16
10.56 8.44 1.84
10.56 8.44 2.68
0.0 0.0 0.0
10.56 10.56 0.08
10.56 10.56 0.56
10.56 10.56 1.24
10.56 10.56 2.04
10.56 10.56 3.04
0.0 0.0 0.0
10.56 12.67 0.04
10.56 12.67 0.34
10.56 12.67 0.84
10.56 12.67 1.44
10.56 12.67 2.2
0.0 0.0 0.0
0.0 0.0 0.0
10.56 14.78 0.2
10.56 14.78 0.6
10.56 14.78 1.14
10.56 14.78 1.86
0.0 0.0 0.0
0.0 0.0 0.0
10.56 16.89 0.1
10.56 16.89 0.52
10.56 16.89 1.14
10.56 16.89 2.04
0.0 0.0 0.0
0.0 0.0 0.0
0.0 0.0 0.0
10.56 19.0 0.2
10.56 19.0 0.6
10.56 19.0 1.2
0.0 0.0 0.0
0.0 0.0 0.0
12.67 2.11 0.14
12.67 2.11 0.46
12.67 2.11 0.88
12.67 2.11 1.5
0.0 0.0 0.0
0.0 0.0 0.0
12.67 4.22 0.22
12.67 4.22 0.64
12.67 4.22 1.16
12.67 4.22 1.86
0.0 0.0 0.0
12.67 6.33 0.02
12.67 6.33 0.28
12.67 6.33 0.66
12.67 6.33 1.1
12.67 6.33 1.66
0.0 0.0 0.0
12.67 8.44 0.06
12.67 8.44 0.38
12.67 8.44 0.84
12.67 8.44 1.38
12.67 8.44 2.0
0.0 0.0 0.0
12.67 10.56 0.04
12.67 10.56 0.36
12.67 10.56 0.86
12.67 10.56 1.46
12.67 10.56 2.18
0.0 0.0 0.0
0.0 0.0 0.0
12.67 12.67 0.22
12.67 12.67 0.58
12.67 12.67 1.02
12.67 12.67 56.0
0.0 0.0 0.0
0.0 0.0 0.0
12.67 14.78 0.08
12.67 14.78 0.38
12.67 14.78 0.74
12.67 14.78 1.18
0.0 0.0 0.0
0.0 0.0 0.0
0.0 0.0 0.0
12.67 16.89 0.24
12.67 16.89 0.62
12.67 16.89 1.14
0.0 0.0 0.0
0.0 0.0 0.0
0.0 0.0 0.0
12.67 19.0 0.04
12.67 19.0 0.26
12.67 19.0 0.58
0.0 0.0 0.0
0.0 0.0 0.0
14.78 4.22 0.02
14.78 4.22 0.2
14.78 4.22 0.48
14.78 4.22 0.82
0.0 0.0 0.0
0.0 0.0 0.0
14.78 6.33 0.08
14.78 6.33 0.32
14.78 6.33 0.66
14.78 6.33 1.04
0.0 0.0 0.0
0.0 0.0 0.0
14.78 8.44 0.14
14.78 8.44 0.5
14.78 8.44 0.96
14.78 8.44 1.52
0.0 0.0 0.0
0.0 0.0 0.0
14.78 10.56 0.16
14.78 10.56 0.54
14.78 10.56 1.08
14.78 10.56 1.76
0.0 0.0 0.0
0.0 0.0 0.0
14.78 12.67 0.06
14.78 12.67 0.34
14.78 12.67 0.72
14.78 12.67 1.22
0.0 0.0 0.0
0.0 0.0 0.0
0.0 0.0 0.0
0.0 0.0 0.0
14.78 19.0 0.02
14.78 19.0 0.14
0.0 0.0 0.0
0.0 0.0 0.0
0.0 0.0 0.0
0.0 0.0 0.0
16.89 4.22 0.1
16.89 4.22 0.32
0.0 0.0 0.0
0.0 0.0 0.0
0.0 0.0 0.0
16.89 6.33 0.08
16.89 6.33 0.36
16.89 6.33 0.7
0.0 0.0 0.0
0.0 0.0 0.0
0.0 0.0 0.0
16.89 8.44 0.26
16.89 8.44 0.78
16.89 8.44 1.42
0.0 0.0 0.0
0.0 0.0 0.0
0.0 0.0 0.0
16.89 10.56 0.34
16.89 10.56 1.0
16.89 10.56 1.86
0.0 0.0 0.0
0.0 0.0 0.0
0.0 0.0 0.0
16.89 12.67 0.16
16.89 12.67 0.58
16.89 12.67 1.22
0.0 0.0 0.0
0.0 0.0 0.0
0.0 0.0 0.0
0.0 0.0 0.0
0.0 0.0 0.0
0.0 0.0 0.0
0.0 0.0 0.0
0.0 0.0 0.0
0.0 0.0 0.0
0.0 0.0 0.0
0.0 0.0 0.0
0.0 0.0 0.0
0.0 0.0 0.0
0.0 0.0 0.0
0.0 0.0 0.0
0.0 0.0 0.0
0.0 0.0 0.0
19.0 4.22 0.04
0.0 0.0 0.0
0.0 0.0 0.0
0.0 0.0 0.0
0.0 0.0 0.0
19.0 6.33 0.1
19.0 6.33 0.32
0.0 0.0 0.0
0.0 0.0 0.0
0.0 0.0 0.0
19.0 8.44 0.04
19.0 8.44 0.36
19.0 8.44 0.84
0.0 0.0 0.0
0.0 0.0 0.0
0.0 0.0 0.0
19.0 10.56 0.1
19.0 10.56 0.5
19.0 10.56 1.12
0.0 0.0 0.0
0.0 0.0 0.0
0.0 0.0 0.0
19.0 12.67 0.02
19.0 12.67 0.26
19.0 12.67 0.66
0.0 0.0 0.0
0.0 0.0 0.0
0.0 0.0 0.0
0.0 0.0 0.0
19.0 14.78 0.02
19.0 14.78 0.14
0.0 0.0 0.0
0.0 0.0 0.0
0.0 0.0 0.0
0.0 0.0 0.0
0.0 0.0 0.0
0.0 0.0 0.0
0.0 0.0 0.0
0.0 0.0 0.0
0.0 0.0 0.0
0.0 0.0 0.0
0.0 0.0 0.0
0.0 0.0 0.0
0.0 0.0 0.0
0.0 0.0 0.0
0.0 0.0 0.0
2.11 4.22 0.06
2.11 4.22 0.2
2.11 4.22 0.34
0.0 0.0 0.0
0.0 0.0 0.0
2.11 6.33 0.1
2.11 6.33 0.36
2.11 6.33 0.66
